Population	Species	Locality	Replicate	Private	Sites	Variant_Sites	Polymorphic_Sites	%Polymorphic_Loci	Num_Indv	Var_N	StdErr_N	P	Var_P	StdErr_P	Obs_Het	Var_OHe	StdErr_OHe	Obs_Hom	Var_OHo	StdErr_OHo	Exp_Het	Var_EHe	StdErr_EHe	Exp_Hom	Var_EHo	StdErr_EHo	Pi	Var_Pi	StdErr_Pi	Fis	Var_Fis	StdErr_Fis
yonahlossee_IGG_Fresh	yonahlossee	IGG	Fresh	0	308	303	79	25.64935	5.42857	0.25872	0.02898	0.91342	0.02774	0.00949	0.16883	0.10702	0.01864	0.83117	0.10702	0.01864	0.10287	0.03468	0.01061	0.89713	0.03468	0.01061	0.11318	0.04204	0.01168	-0.10420	0.06239	0.02898
glutinosus_SG_Fresh	glutinosus	SG	Fresh	3	308	303	77	25.00000	2.00000	0.00000	0.00000	0.89529	0.03644	0.01088	0.20617	0.14384	0.02161	0.79383	0.14384	0.02161	0.11485	0.04056	0.01148	0.88515	0.04056	0.01148	0.15314	0.07211	0.01530	-0.07955	0.03844	0.00000
yonahlossee_SG_Blood	yonahlossee	SG	Blood	0	307	302	65	21.17264	1.97394	0.02546	0.00911	0.92508	0.02419	0.00888	0.14984	0.09676	0.01775	0.85016	0.09676	0.01775	0.09039	0.03132	0.01010	0.90961	0.03132	0.01010	0.12161	0.05724	0.01365	-0.04235	0.01944	0.00911
cylindraceus_IGG_Blood	cylindraceus	IGG	Blood	1	308	303	46	14.93506	1.40909	0.24252	0.02806	0.93344	0.02691	0.00935	0.13312	0.10763	0.01869	0.86688	0.10763	0.01869	0.07062	0.02889	0.00969	0.92938	0.02889	0.00969	0.11688	0.08456	0.01657	-0.02435	0.01162	0.02806
glutinosus_SG_FFS	glutinosus	SG	FFS	0	166	165	15	9.03614	1.93976	0.97817	0.07676	0.97164	0.00941	0.00753	0.05070	0.03222	0.01393	0.94930	0.03222	0.01393	0.03642	0.01410	0.00922	0.96358	0.01410	0.00922	0.04662	0.02447	0.01214	-0.00914	0.01310	0.07676
welleri_IGG_FFS	welleri	IGG	FFS	41	286	284	58	20.27972	6.19930	2.55312	0.09448	0.95249	0.01281	0.00669	0.08270	0.04682	0.01279	0.91730	0.04682	0.01279	0.06498	0.02010	0.00838	0.93502	0.02010	0.00838	0.07059	0.02373	0.00911	-0.01563	0.04609	0.09448
cinereus_IGG_FFS	cinereus	IGG	FFS	35	274	272	69	25.18248	5.03285	2.34690	0.09255	0.93230	0.01974	0.00849	0.12908	0.07341	0.01637	0.87092	0.07341	0.01637	0.08690	0.02715	0.00995	0.91310	0.02715	0.00995	0.10410	0.04315	0.01255	-0.04831	0.03263	0.09255
cylindraceus_IGG_Fresh	cylindraceus	IGG	Fresh	0	303	298	49	16.17162	1.77888	0.17280	0.02388	0.93977	0.02140	0.00840	0.11056	0.07797	0.01604	0.88944	0.07797	0.01604	0.07054	0.02652	0.00935	0.92946	0.02652	0.00935	0.10066	0.05689	0.01370	-0.01485	0.02213	0.02388
cinereus_SG_FFS	cinereus	SG	FFS	2	69	69	10	14.49275	1.40580	0.24467	0.05955	0.95652	0.01279	0.01361	0.08696	0.05115	0.02723	0.91304	0.05115	0.02723	0.05797	0.02049	0.01723	0.94203	0.02049	0.01723	0.07729	0.03642	0.02297	-0.01449	0.00714	0.05955
cylindraceus_IGG_FFS	cylindraceus	IGG	FFS	0	284	279	46	16.19718	2.92958	1.27418	0.06698	0.94938	0.01673	0.00768	0.09654	0.06473	0.01510	0.90346	0.06473	0.01510	0.06276	0.02249	0.00890	0.93724	0.02249	0.00890	0.07903	0.03840	0.01163	-0.03034	0.02674	0.06698
montanus_SG_Fresh	montanus	SG	Fresh	2	308	303	66	21.42857	3.99351	0.00647	0.00458	0.93087	0.02314	0.00867	0.13826	0.09254	0.01733	0.86174	0.09254	0.01733	0.08258	0.02832	0.00959	0.91742	0.02832	0.00959	0.09452	0.03711	0.01098	-0.07846	0.04527	0.00458
yonahlossee_SG_FFS	yonahlossee	SG	FFS	2	308	303	62	20.12987	2.17857	0.21231	0.02625	0.91775	0.02978	0.00983	0.16126	0.11692	0.01948	0.83874	0.11692	0.01948	0.09161	0.03422	0.01054	0.90839	0.03422	0.01054	0.11977	0.05864	0.01380	-0.06434	0.03412	0.02625
montanus_IGG_Fresh	montanus	IGG	Fresh	3	308	303	66	21.42857	4.39286	0.44777	0.03813	0.92440	0.02532	0.00907	0.14632	0.09783	0.01782	0.85368	0.09783	0.01782	0.08929	0.03195	0.01018	0.91071	0.03195	0.01018	0.10051	0.04056	0.01148	-0.08385	0.05357	0.03813
yonahlossee_IGG_FFS	yonahlossee	IGG	FFS	0	308	303	70	22.72727	4.19481	0.48310	0.03960	0.92486	0.02416	0.00886	0.14865	0.09548	0.01761	0.85135	0.09548	0.01761	0.09082	0.03107	0.01004	0.90918	0.03107	0.01004	0.10292	0.03984	0.01137	-0.08396	0.04753	0.03960
yonahlossee_IGG_Blood	yonahlossee	IGG	Blood	1	308	303	83	26.94805	7.71429	0.25686	0.02888	0.91575	0.02569	0.00913	0.16665	0.10072	0.01808	0.83335	0.10072	0.01808	0.10309	0.03409	0.01052	0.89691	0.03409	0.01052	0.11008	0.03886	0.01123	-0.11254	0.06120	0.02888
glutinosus_SG_Blood	glutinosus	SG	Blood	1	300	295	68	22.66667	1.57333	0.24544	0.02860	0.90750	0.03259	0.01042	0.18167	0.12826	0.02068	0.81833	0.12826	0.02068	0.10292	0.03708	0.01112	0.89708	0.03708	0.01112	0.15944	0.09647	0.01793	-0.03333	0.02062	0.02860
montanus_SG_FFS	montanus	SG	FFS	0	207	205	23	11.11111	1.27053	0.19830	0.03095	0.95894	0.01530	0.00860	0.08213	0.06118	0.01719	0.91787	0.06118	0.01719	0.04831	0.01920	0.00963	0.95169	0.01920	0.00963	0.07729	0.05387	0.01613	-0.00725	0.00359	0.03095
montanus_IGG_FFS	montanus	IGG	FFS	0	278	274	54	19.42446	3.70504	3.99210	0.11983	0.94721	0.01644	0.00769	0.09958	0.06177	0.01491	0.90042	0.06177	0.01491	0.06724	0.02211	0.00892	0.93276	0.02211	0.00892	0.07915	0.03380	0.01103	-0.04117	0.03555	0.11983
cinereus_IGG_Blood	cinereus	IGG	Blood	1	154	153	25	16.23377	1.57792	0.24552	0.03993	0.93831	0.02231	0.01204	0.11039	0.07924	0.02268	0.88961	0.07924	0.02268	0.07143	0.02714	0.01327	0.92857	0.02714	0.01327	0.10390	0.06103	0.01991	-0.00974	0.02441	0.03993
yonahlossee_SG_Fresh	yonahlossee	SG	Fresh	0	308	303	61	19.80519	1.43506	0.24658	0.02829	0.92127	0.02819	0.00957	0.14448	0.10365	0.01834	0.85552	0.10365	0.01834	0.08888	0.03284	0.01033	0.91112	0.03284	0.01033	0.14015	0.08896	0.01700	-0.00649	0.02276	0.02829
yonahlossee_IGG_Fresh	yonahlossee	IGG	Fresh	1	308	301	81	26.29870	5.42208	0.25775	0.02893	0.91126	0.02803	0.00954	0.17294	0.10839	0.01876	0.82706	0.10839	0.01876	0.10585	0.03575	0.01077	0.89415	0.03575	0.01077	0.11650	0.04337	0.01187	-0.10530	0.06144	0.02893
glutinosus_SG_Fresh	glutinosus	SG	Fresh	0	308	301	85	27.59740	2.00000	0.00000	0.00000	0.90097	0.03006	0.00988	0.18506	0.11222	0.01909	0.81494	0.11222	0.01909	0.11851	0.03803	0.01111	0.88149	0.03803	0.01111	0.15801	0.06760	0.01482	-0.04058	0.03825	0.00000
yonahlossee_SG_Blood	yonahlossee	SG	Blood	0	308	301	74	24.02597	2.89610	0.09992	0.01801	0.91044	0.02962	0.00981	0.17911	0.11847	0.01961	0.82089	0.11847	0.01961	0.10403	0.03611	0.01083	0.89597	0.03611	0.01083	0.12500	0.05211	0.01301	-0.09226	0.04536	0.01801
cylindraceus_IGG_Blood	cylindraceus	IGG	Blood	0	182	178	25	13.73626	1.45055	0.24892	0.03698	0.95330	0.01576	0.00931	0.07692	0.04930	0.01646	0.92308	0.04930	0.01646	0.05769	0.02152	0.01087	0.94231	0.02152	0.01087	0.07875	0.04103	0.01501	0.00275	0.02347	0.03698
glutinosus_SG_FFS	glutinosus	SG	FFS	0	116	115	10	8.62069	1.49138	0.54775	0.06872	0.97270	0.00879	0.00870	0.04598	0.02734	0.01535	0.95402	0.02734	0.01535	0.03568	0.01384	0.01092	0.96432	0.01384	0.01092	0.04573	0.02258	0.01395	-0.00216	0.01467	0.06872
welleri_IGG_FFS	welleri	IGG	FFS	35	236	236	26	11.01695	1.02119	0.02083	0.00939	0.94492	0.02461	0.01021	0.11017	0.09845	0.02042	0.88983	0.09845	0.02042	0.05508	0.02461	0.01021	0.94492	0.02461	0.01021	0.11017	0.09845	0.02042	0.00000	0.00000	0.00939
cinereus_IGG_FFS	cinereus	IGG	FFS	1	261	257	65	24.90421	5.92720	2.72930	0.10226	0.92902	0.02216	0.00921	0.13849	0.08621	0.01817	0.86151	0.08621	0.01817	0.08774	0.02824	0.01040	0.91226	0.02824	0.01040	0.10414	0.04431	0.01303	-0.06532	0.04181	0.10226
cylindraceus_IGG_Fresh	cylindraceus	IGG	Fresh	1	303	296	49	16.17162	1.77888	0.17280	0.02388	0.93977	0.02140	0.00840	0.11056	0.07797	0.01604	0.88944	0.07797	0.01604	0.07054	0.02652	0.00935	0.92946	0.02652	0.00935	0.10066	0.05689	0.01370	-0.01485	0.02213	0.02388
cinereus_SG_FFS	cinereus	SG	FFS	6	283	276	27	9.54064	3.75618	5.83751	0.14362	0.97243	0.00941	0.00577	0.05515	0.03765	0.01153	0.94485	0.03765	0.01153	0.03487	0.01301	0.00678	0.96513	0.01301	0.00678	0.04490	0.02520	0.00944	-0.02103	0.01169	0.14362
cylindraceus_IGG_FFS	cylindraceus	IGG	FFS	0	284	277	42	14.78873	3.30634	1.03303	0.06031	0.95335	0.01561	0.00741	0.09155	0.06187	0.01476	0.90845	0.06187	0.01476	0.05785	0.02100	0.00860	0.94215	0.02100	0.00860	0.06932	0.03121	0.01048	-0.03914	0.02668	0.06031
montanus_SG_Fresh	montanus	SG	Fresh	0	308	301	60	19.48052	3.00000	0.00000	0.00000	0.92803	0.02584	0.00916	0.13961	0.10024	0.01804	0.86039	0.10024	0.01804	0.08207	0.02987	0.00985	0.91793	0.02987	0.00985	0.09848	0.04301	0.01182	-0.06890	0.04565	0.00000
yonahlossee_SG_FFS	yonahlossee	SG	FFS	0	308	301	48	15.58442	1.43506	0.74170	0.04907	0.93128	0.02767	0.00948	0.13745	0.11066	0.01895	0.86255	0.11066	0.01895	0.07285	0.02957	0.00980	0.92715	0.02957	0.00980	0.13156	0.10304	0.01829	-0.00969	0.00515	0.04907
montanus_IGG_Fresh	montanus	IGG	Fresh	3	308	301	62	20.12987	3.99351	0.00647	0.00458	0.92127	0.02778	0.00950	0.15260	0.10693	0.01863	0.84740	0.10693	0.01863	0.08969	0.03360	0.01044	0.91031	0.03360	0.01044	0.10260	0.04398	0.01195	-0.08953	0.05339	0.00458
yonahlossee_IGG_FFS	yonahlossee	IGG	FFS	0	308	301	75	24.35065	5.30844	0.53322	0.04161	0.92392	0.02307	0.00865	0.15000	0.09075	0.01716	0.85000	0.09075	0.01716	0.09461	0.03142	0.01010	0.90539	0.03142	0.01010	0.10419	0.03812	0.01113	-0.08788	0.04765	0.04161
yonahlossee_IGG_Blood	yonahlossee	IGG	Blood	0	308	301	63	20.45455	1.99026	0.00968	0.00561	0.92289	0.02640	0.00926	0.15097	0.10335	0.01832	0.84903	0.10335	0.01832	0.08969	0.03219	0.01022	0.91031	0.03219	0.01022	0.11959	0.05722	0.01363	-0.04708	0.02628	0.00561
glutinosus_SG_Blood	glutinosus	SG	Blood	0	308	301	72	23.37662	2.00000	0.00000	0.00000	0.91153	0.02940	0.00977	0.17370	0.11550	0.01936	0.82630	0.11550	0.01936	0.10268	0.03559	0.01075	0.89732	0.03559	0.01075	0.13690	0.06326	0.01433	-0.05519	0.02952	0.00000
montanus_SG_FFS	montanus	SG	FFS	0	297	291	52	17.50842	3.28620	3.64417	0.11077	0.95598	0.01239	0.00646	0.08051	0.04495	0.01230	0.91949	0.04495	0.01230	0.05945	0.01937	0.00808	0.94055	0.01937	0.00808	0.07219	0.03176	0.01034	-0.01635	0.02239	0.11077
montanus_IGG_FFS	montanus	IGG	FFS	0	229	223	42	18.34061	2.68122	1.54267	0.08208	0.94469	0.01752	0.00875	0.10771	0.06876	0.01733	0.89229	0.06876	0.01733	0.06963	0.02396	0.01023	0.93037	0.02396	0.01023	0.08218	0.03450	0.01227	-0.04651	0.03210	0.08208
cinereus_IGG_Blood	cinereus	IGG	Blood	3	295	290	55	18.64407	3.08814	2.14867	0.08534	0.94121	0.01917	0.00806	0.10785	0.07233	0.01566	0.89215	0.07233	0.01566	0.07245	0.02558	0.00931	0.92755	0.02558	0.00931	0.08879	0.04141	0.01185	-0.03036	0.04039	0.08534
yonahlossee_SG_Fresh	yonahlossee	SG	Fresh	0	308	301	61	19.80519	1.43506	0.24658	0.02829	0.92127	0.02819	0.00957	0.14448	0.10365	0.01834	0.85552	0.10365	0.01834	0.08888	0.03284	0.01033	0.91112	0.03284	0.01033	0.14015	0.08896	0.01700	-0.00649	0.02276	0.02829
yonahlossee_IGG_Fresh	yonahlossee	IGG	Fresh	1	308	306	75	24.35065	3.43506	0.24658	0.02829	0.91004	0.02947	0.00978	0.17343	0.11204	0.01907	0.82657	0.11204	0.01907	0.10499	0.03648	0.01088	0.89501	0.03648	0.01088	0.12269	0.05002	0.01274	-0.08866	0.04908	0.02829
glutinosus_SG_Fresh	glutinosus	SG	Fresh	0	308	306	77	25.00000	2.00000	0.00000	0.00000	0.89529	0.03644	0.01088	0.20617	0.14384	0.02161	0.79383	0.14384	0.02161	0.11485	0.04056	0.01148	0.88515	0.04056	0.01148	0.15314	0.07211	0.01530	-0.07955	0.03844	0.00000
yonahlossee_SG_Blood	yonahlossee	SG	Blood	0	308	306	62	20.12987	1.97403	0.02538	0.00908	0.92776	0.02388	0.00880	0.13799	0.09083	0.01717	0.86201	0.09083	0.01717	0.08644	0.03052	0.00995	0.91356	0.03052	0.00995	0.11634	0.05582	0.01346	-0.03247	0.02500	0.00908
cylindraceus_IGG_Blood	cylindraceus	IGG	Blood	0	308	306	46	14.93506	1.40909	0.24252	0.02806	0.93344	0.02691	0.00935	0.13312	0.10763	0.01869	0.86688	0.10763	0.01869	0.07062	0.02889	0.00969	0.92938	0.02889	0.00969	0.11688	0.08456	0.01657	-0.02435	0.01162	0.02806
glutinosus_SG_FFS	glutinosus	SG	FFS	0	142	142	19	13.38028	1.47183	0.35026	0.04967	0.95070	0.01794	0.01124	0.08451	0.06018	0.02059	0.91549	0.06018	0.02059	0.05810	0.02253	0.01260	0.94190	0.02253	0.01260	0.09108	0.06079	0.02069	0.00939	0.01725	0.04967
welleri_IGG_FFS	welleri	IGG	FFS	41	285	283	33	11.57895	2.75439	0.49580	0.04171	0.96404	0.01203	0.00650	0.07193	0.04811	0.01299	0.92807	0.04811	0.01299	0.04537	0.01684	0.00769	0.95463	0.01684	0.00769	0.05626	0.02677	0.00969	-0.02690	0.01331	0.04171
cinereus_IGG_FFS	cinereus	IGG	FFS	2	260	259	55	21.15385	2.64615	0.49207	0.04350	0.92724	0.02356	0.00952	0.14551	0.09425	0.01904	0.85449	0.09425	0.01904	0.08798	0.03062	0.01085	0.91202	0.03062	0.01085	0.11577	0.05758	0.01488	-0.05128	0.02525	0.04350
cylindraceus_IGG_Fresh	cylindraceus	IGG	Fresh	1	308	306	57	18.50649	2.75000	0.22068	0.02677	0.93885	0.02018	0.00809	0.11580	0.07793	0.01591	0.88420	0.07793	0.01591	0.07459	0.02630	0.00924	0.92541	0.02630	0.00924	0.09221	0.04115	0.01156	-0.03842	0.03507	0.02677
cinereus_SG_FFS	cinereus	SG	FFS	5	283	281	28	9.89399	3.30035	2.60096	0.09587	0.96890	0.01068	0.00614	0.06219	0.04272	0.01229	0.93781	0.04272	0.01229	0.03897	0.01499	0.00728	0.96103	0.01499	0.00728	0.04821	0.02480	0.00936	-0.02615	0.01286	0.09587
cylindraceus_IGG_FFS	cylindraceus	IGG	FFS	0	279	278	36	12.90323	1.48746	0.25074	0.02998	0.94892	0.01964	0.00839	0.09857	0.07568	0.01647	0.90143	0.07568	0.01647	0.05780	0.02312	0.00910	0.94220	0.02312	0.00910	0.08901	0.05910	0.01455	-0.01434	0.01238	0.02998
montanus_SG_Fresh	montanus	SG	Fresh	2	308	306	59	19.15584	2.99351	0.00647	0.00458	0.93209	0.02363	0.00876	0.13582	0.09450	0.01752	0.86418	0.09450	0.01752	0.07950	0.02860	0.00964	0.92050	0.02860	0.00964	0.09578	0.04154	0.01161	-0.06764	0.03631	0.00458
yonahlossee_SG_FFS	yonahlossee	SG	FFS	0	308	306	47	15.25974	1.12662	0.11095	0.01898	0.93019	0.02850	0.00962	0.13961	0.11400	0.01924	0.86039	0.11400	0.01924	0.07305	0.03007	0.00988	0.92695	0.03007	0.00988	0.13961	0.11400	0.01924	0.00000	0.00000	0.01898
montanus_IGG_Fresh	montanus	IGG	Fresh	5	308	306	68	22.07792	5.39286	0.44777	0.03813	0.92210	0.02626	0.00923	0.15189	0.10154	0.01816	0.84811	0.10154	0.01816	0.09131	0.03301	0.01035	0.90869	0.03301	0.01035	0.10045	0.04000	0.01140	-0.09670	0.05672	0.03813
yonahlossee_IGG_FFS	yonahlossee	IGG	FFS	1	308	306	73	23.70130	5.64286	1.05119	0.05842	0.92692	0.02210	0.00847	0.14414	0.08692	0.01680	0.85586	0.08692	0.01680	0.09142	0.03047	0.00995	0.90858	0.03047	0.00995	0.10025	0.03662	0.01090	-0.08485	0.04584	0.05842
yonahlossee_IGG_Blood	yonahlossee	IGG	Blood	0	308	306	71	23.05195	2.49351	0.46576	0.03889	0.92451	0.02281	0.00861	0.15097	0.09123	0.01721	0.84903	0.09123	0.01721	0.09411	0.03145	0.01010	0.90589	0.03145	0.01010	0.11872	0.05234	0.01304	-0.05519	0.02368	0.03889
glutinosus_SG_Blood	glutinosus	SG	Blood	1	308	306	94	30.51948	3.90260	0.10123	0.01813	0.91153	0.02412	0.00885	0.16234	0.08598	0.01671	0.83766	0.08598	0.01671	0.11321	0.03322	0.01038	0.88679	0.03322	0.01038	0.12976	0.04362	0.01190	-0.06025	0.04810	0.01813
montanus_SG_FFS	montanus	SG	FFS	2	296	294	41	13.85135	2.93919	1.86748	0.07943	0.96343	0.01121	0.00615	0.06976	0.04361	0.01214	0.93024	0.04361	0.01214	0.04813	0.01648	0.00746	0.95187	0.01648	0.00746	0.05954	0.02741	0.00962	-0.01696	0.01837	0.07943
montanus_IGG_FFS	montanus	IGG	FFS	0	189	189	32	16.93122	1.91005	0.67804	0.05990	0.93342	0.02476	0.01145	0.12787	0.09512	0.02243	0.87213	0.09512	0.02243	0.07503	0.02888	0.01236	0.92497	0.02888	0.01236	0.09824	0.05235	0.01664	-0.05026	0.03580	0.05990
cinereus_IGG_Blood	cinereus	IGG	Blood	5	306	304	44	14.37908	2.33007	0.48414	0.03978	0.94145	0.02318	0.00870	0.11166	0.08922	0.01708	0.88834	0.08922	0.01708	0.06404	0.02563	0.00915	0.93596	0.02563	0.00915	0.08028	0.04111	0.01159	-0.05120	0.03899	0.03978
yonahlossee_SG_Fresh	yonahlossee	SG	Fresh	1	308	306	65	21.10390	1.43506	0.24658	0.02829	0.91558	0.02990	0.00985	0.16883	0.11961	0.01971	0.83117	0.11961	0.01971	0.09497	0.03462	0.01060	0.90503	0.03462	0.01060	0.15584	0.10213	0.01821	-0.01948	0.00939	0.02829
yonahlossee_IGG_Fresh	yonahlossee	IGG	Fresh	2	308	306	74	24.02597	2.42208	0.25775	0.02893	0.91694	0.02599	0.00919	0.15963	0.10174	0.01818	0.84037	0.10174	0.01818	0.10051	0.03378	0.01047	0.89949	0.03378	0.01047	0.12738	0.05499	0.01336	-0.05005	0.03524	0.02893
glutinosus_SG_Fresh	glutinosus	SG	Fresh	1	308	306	85	27.59740	2.00000	0.00000	0.00000	0.90097	0.03006	0.00988	0.18506	0.11222	0.01909	0.81494	0.11222	0.01909	0.11851	0.03803	0.01111	0.88149	0.03803	0.01111	0.15801	0.06760	0.01482	-0.04058	0.03825	0.00000
yonahlossee_SG_Blood	yonahlossee	SG	Blood	1	308	306	71	23.05195	2.96753	0.03803	0.01111	0.91937	0.02578	0.00915	0.15693	0.09871	0.01790	0.84307	0.09871	0.01790	0.09686	0.03326	0.01039	0.90314	0.03326	0.01039	0.11645	0.04813	0.01250	-0.06962	0.03583	0.01111
cylindraceus_IGG_Blood	cylindraceus	IGG	Blood	0	308	306	48	15.58442	1.44805	0.24811	0.02838	0.94075	0.02152	0.00836	0.10877	0.07852	0.01597	0.89123	0.07852	0.01597	0.06859	0.02617	0.00922	0.93141	0.02617	0.00922	0.10985	0.07358	0.01546	0.00162	0.01384	0.02838
glutinosus_SG_FFS	glutinosus	SG	FFS	0	177	177	23	12.99435	2.28814	1.75173	0.09948	0.95866	0.01470	0.00911	0.07137	0.04775	0.01643	0.92863	0.04775	0.01643	0.05003	0.01889	0.01033	0.94997	0.01889	0.01033	0.06606	0.03684	0.01443	-0.01059	0.01821	0.09948
welleri_IGG_FFS	welleri	IGG	FFS	41	280	280	45	16.07143	3.70000	0.59068	0.04593	0.95774	0.01252	0.00669	0.08452	0.05008	0.01337	0.91548	0.05008	0.01337	0.05600	0.01867	0.00817	0.94400	0.01867	0.00817	0.06473	0.02496	0.00944	-0.03631	0.01870	0.04593
cinereus_IGG_FFS	cinereus	IGG	FFS	2	269	269	71	26.39405	5.61710	3.60284	0.11573	0.92502	0.02207	0.00906	0.14528	0.08453	0.01773	0.85472	0.08453	0.01773	0.09474	0.03022	0.01060	0.90526	0.03022	0.01060	0.11357	0.04852	0.01343	-0.06235	0.03718	0.11573
cylindraceus_IGG_Fresh	cylindraceus	IGG	Fresh	0	308	306	52	16.88312	1.98377	0.01602	0.00721	0.93101	0.02597	0.00918	0.12825	0.09669	0.01772	0.87175	0.09669	0.01772	0.07670	0.02967	0.00982	0.92330	0.02967	0.00982	0.10335	0.05434	0.01328	-0.03734	0.03199	0.00721
cinereus_SG_FFS	cinereus	SG	FFS	3	283	283	30	10.60071	4.44876	7.49648	0.16276	0.96979	0.01014	0.00599	0.06042	0.04055	0.01197	0.93958	0.04055	0.01197	0.03839	0.01426	0.00710	0.96161	0.01426	0.00710	0.04641	0.02304	0.00902	-0.02770	0.01454	0.16276
cylindraceus_IGG_FFS	cylindraceus	IGG	FFS	0	281	279	46	16.37011	3.04270	1.10531	0.06272	0.95107	0.01565	0.00746	0.09312	0.06035	0.01465	0.90688	0.06035	0.01465	0.06188	0.02162	0.00877	0.93812	0.02162	0.00877	0.07599	0.03466	0.01111	-0.03025	0.02664	0.06272
montanus_SG_Fresh	montanus	SG	Fresh	1	308	306	74	24.02597	4.00000	0.00000	0.00000	0.91721	0.02733	0.00942	0.15747	0.10379	0.01836	0.84253	0.10379	0.01836	0.09740	0.03301	0.01035	0.90260	0.03301	0.01035	0.11132	0.04311	0.01183	-0.08366	0.06066	0.00000
yonahlossee_SG_FFS	yonahlossee	SG	FFS	0	308	306	47	15.25974	1.12013	0.10604	0.01856	0.92532	0.03146	0.01011	0.14935	0.12583	0.02021	0.85065	0.12583	0.02021	0.07549	0.03184	0.01017	0.92451	0.03184	0.01017	0.14827	0.12434	0.02009	-0.00162	0.00081	0.01856
montanus_IGG_Fresh	montanus	IGG	Fresh	1	308	306	57	18.50649	2.57468	0.24522	0.02822	0.92641	0.02718	0.00939	0.14719	0.10874	0.01879	0.85281	0.10874	0.01879	0.08216	0.03107	0.01004	0.91784	0.03107	0.01004	0.10216	0.04825	0.01252	-0.07359	0.03782	0.02822
yonahlossee_IGG_FFS	yonahlossee	IGG	FFS	0	307	305	57	18.56678	1.95114	0.04662	0.01232	0.92590	0.02697	0.00937	0.14821	0.10786	0.01874	0.85179	0.10786	0.01874	0.08347	0.03136	0.01011	0.91653	0.03136	0.01011	0.11238	0.05732	0.01366	-0.05375	0.02406	0.01232
yonahlossee_IGG_Blood	yonahlossee	IGG	Blood	1	308	306	84	27.27273	7.46429	0.52315	0.04121	0.91523	0.02480	0.00897	0.16769	0.09772	0.01781	0.83231	0.09772	0.01781	0.10572	0.03483	0.01063	0.89428	0.03483	0.01063	0.11308	0.03984	0.01137	-0.10905	0.05489	0.04121
glutinosus_SG_Blood	glutinosus	SG	Blood	0	308	306	81	26.29870	2.57143	0.24570	0.02824	0.90693	0.02859	0.00963	0.17100	0.10603	0.01855	0.82900	0.10603	0.01855	0.11183	0.03681	0.01093	0.88817	0.03681	0.01093	0.13896	0.05692	0.01359	-0.05321	0.05322	0.02824
montanus_SG_FFS	montanus	SG	FFS	0	214	212	25	11.68224	2.07477	0.61410	0.05357	0.95639	0.01628	0.00872	0.08255	0.06123	0.01691	0.91745	0.06123	0.01691	0.05101	0.02029	0.00974	0.94899	0.02029	0.00974	0.06760	0.03640	0.01304	-0.02414	0.02008	0.05357
montanus_IGG_FFS	montanus	IGG	FFS	0	252	250	54	21.42857	1.49603	0.25098	0.03156	0.90972	0.03290	0.01143	0.17659	0.12905	0.02263	0.82341	0.12905	0.02263	0.09871	0.03659	0.01205	0.90129	0.03659	0.01205	0.15146	0.09262	0.01917	-0.03770	0.02347	0.03156
cinereus_IGG_Blood	cinereus	IGG	Blood	2	295	295	46	15.59322	1.42373	0.24501	0.02882	0.93305	0.02633	0.00945	0.12034	0.09516	0.01796	0.87966	0.09516	0.01796	0.07246	0.02901	0.00992	0.92754	0.02901	0.00992	0.11808	0.08285	0.01676	-0.00339	0.02210	0.02882
yonahlossee_SG_Fresh	yonahlossee	SG	Fresh	0	308	306	67	21.75325	2.00000	0.00000	0.00000	0.90584	0.03467	0.01061	0.18831	0.13869	0.02122	0.81169	0.13869	0.02122	0.10146	0.03782	0.01108	0.89854	0.03782	0.01108	0.13528	0.06723	0.01477	-0.07955	0.03355	0.00000
yonahlossee_IGG_Fresh	yonahlossee	IGG	Fresh	1	308	305	79	25.64935	3.42208	0.25775	0.02893	0.91301	0.02668	0.00931	0.16694	0.10055	0.01807	0.83306	0.10055	0.01807	0.10564	0.03525	0.01070	0.89436	0.03525	0.01070	0.12351	0.04838	0.01253	-0.07653	0.04151	0.02893
glutinosus_SG_Fresh	glutinosus	SG	Fresh	0	308	305	85	27.59740	2.00000	0.00000	0.00000	0.90097	0.03006	0.00988	0.18506	0.11222	0.01909	0.81494	0.11222	0.01909	0.11851	0.03803	0.01111	0.88149	0.03803	0.01111	0.15801	0.06760	0.01482	-0.04058	0.03825	0.00000
yonahlossee_SG_Blood	yonahlossee	SG	Blood	0	308	305	62	20.12987	1.97403	0.02538	0.00908	0.92776	0.02388	0.00880	0.13799	0.09083	0.01717	0.86201	0.09083	0.01717	0.08644	0.03052	0.00995	0.91356	0.03052	0.00995	0.11634	0.05582	0.01346	-0.03247	0.02500	0.00908
cylindraceus_IGG_Blood	cylindraceus	IGG	Blood	0	308	305	46	14.93506	1.40909	0.24252	0.02806	0.93344	0.02691	0.00935	0.13312	0.10763	0.01869	0.86688	0.10763	0.01869	0.07062	0.02889	0.00969	0.92938	0.02889	0.00969	0.11688	0.08456	0.01657	-0.02435	0.01162	0.02806
glutinosus_SG_FFS	glutinosus	SG	FFS	0	195	194	26	13.33333	2.70769	2.52752	0.11385	0.95564	0.01653	0.00921	0.06564	0.04064	0.01444	0.93436	0.04064	0.01444	0.05189	0.01984	0.01009	0.94811	0.01984	0.01009	0.06671	0.03650	0.01368	-0.00189	0.02074	0.11385
welleri_IGG_FFS	welleri	IGG	FFS	38	254	254	31	12.20472	1.88976	0.09847	0.01969	0.95768	0.01475	0.00762	0.08465	0.05901	0.01524	0.91535	0.05901	0.01524	0.05167	0.01974	0.00882	0.94833	0.01974	0.00882	0.07021	0.03710	0.01209	-0.02165	0.01040	0.01969
cinereus_IGG_FFS	cinereus	IGG	FFS	3	277	275	72	25.99278	7.38267	5.34579	0.13892	0.93196	0.01914	0.00831	0.13084	0.07278	0.01621	0.86916	0.07278	0.01621	0.08868	0.02774	0.01001	0.91132	0.02774	0.01001	0.09640	0.03303	0.01092	-0.06956	0.04163	0.13892
cylindraceus_IGG_Fresh	cylindraceus	IGG	Fresh	0	301	298	38	12.62458	1.77409	0.17546	0.02414	0.95432	0.01645	0.00739	0.08804	0.06306	0.01447	0.91196	0.06306	0.01447	0.05440	0.02104	0.00836	0.94560	0.02104	0.00836	0.07364	0.03910	0.01140	-0.02159	0.01537	0.02414
cinereus_SG_FFS	cinereus	SG	FFS	2	284	281	46	16.19718	4.66901	6.37063	0.14977	0.95634	0.01244	0.00662	0.08732	0.04978	0.01324	0.91268	0.04978	0.01324	0.05870	0.01985	0.00836	0.94130	0.01985	0.00836	0.06982	0.02847	0.01001	-0.03377	0.01709	0.14977
cylindraceus_IGG_FFS	cylindraceus	IGG	FFS	0	239	237	30	12.55230	1.74477	0.19089	0.02826	0.94874	0.02021	0.00920	0.10251	0.08083	0.01839	0.89749	0.08083	0.01839	0.05701	0.02319	0.00985	0.94299	0.02319	0.00985	0.08577	0.05599	0.01531	-0.02510	0.01197	0.02826
montanus_SG_Fresh	montanus	SG	Fresh	0	308	305	77	25.00000	5.99351	0.00647	0.00458	0.92684	0.02322	0.00868	0.14307	0.09200	0.01728	0.85693	0.09200	0.01728	0.08933	0.02885	0.00968	0.91067	0.02885	0.00968	0.09751	0.03437	0.01056	-0.08467	0.06411	0.00458
yonahlossee_SG_FFS	yonahlossee	SG	FFS	0	308	305	61	19.80519	2.13312	0.12880	0.02045	0.91829	0.02990	0.00985	0.16017	0.11740	0.01952	0.83983	0.11740	0.01952	0.09046	0.03398	0.01050	0.90954	0.03398	0.01050	0.11970	0.05961	0.01391	-0.06142	0.03166	0.02045
montanus_IGG_Fresh	montanus	IGG	Fresh	0	308	305	67	21.75325	4.81818	0.14924	0.02201	0.92159	0.02680	0.00933	0.15227	0.10245	0.01824	0.84773	0.10245	0.01824	0.09110	0.03307	0.01036	0.90890	0.03307	0.01036	0.10157	0.04115	0.01156	-0.09367	0.05412	0.02201
yonahlossee_IGG_FFS	yonahlossee	IGG	FFS	0	308	305	71	23.05195	4.72403	0.82587	0.05178	0.92624	0.02222	0.00849	0.14513	0.08710	0.01682	0.85487	0.08710	0.01682	0.09233	0.03110	0.01005	0.90767	0.03110	0.01005	0.10347	0.03914	0.01127	-0.07914	0.04026	0.05178
yonahlossee_IGG_Blood	yonahlossee	IGG	Blood	1	308	305	83	26.94805	5.65584	0.30462	0.03145	0.91385	0.02546	0.00909	0.17013	0.10043	0.01806	0.82987	0.10043	0.01806	0.10669	0.03515	0.01068	0.89331	0.03515	0.01068	0.11674	0.04208	0.01169	-0.10334	0.05305	0.03145
glutinosus_SG_Blood	glutinosus	SG	Blood	0	308	305	99	32.14286	4.80195	0.60886	0.04446	0.90782	0.02405	0.00884	0.16585	0.08568	0.01668	0.83415	0.08568	0.01668	0.11943	0.03445	0.01058	0.88057	0.03445	0.01058	0.13336	0.04299	0.01181	-0.06079	0.06167	0.04446
montanus_SG_FFS	montanus	SG	FFS	0	291	289	49	16.83849	2.67698	2.48150	0.09234	0.95226	0.01453	0.00707	0.08666	0.05224	0.01340	0.91334	0.05224	0.01340	0.06196	0.02110	0.00852	0.93804	0.02110	0.00852	0.07789	0.03718	0.01130	-0.01701	0.02312	0.09234
montanus_IGG_FFS	montanus	IGG	FFS	1	281	278	66	23.48754	3.46619	3.33546	0.10895	0.93170	0.01994	0.00842	0.13043	0.07652	0.01650	0.86957	0.07652	0.01650	0.08753	0.02788	0.00996	0.91247	0.02788	0.00996	0.10527	0.04345	0.01244	-0.04893	0.03955	0.10895
cinereus_IGG_Blood	cinereus	IGG	Blood	2	254	251	39	15.35433	1.52756	0.25023	0.03139	0.93602	0.02479	0.00988	0.12008	0.09323	0.01916	0.87992	0.09323	0.01916	0.07037	0.02795	0.01049	0.92963	0.02795	0.01049	0.10564	0.06708	0.01625	-0.02165	0.02226	0.03139
yonahlossee_SG_Fresh	yonahlossee	SG	Fresh	1	308	305	67	21.75325	2.00000	0.00000	0.00000	0.90584	0.03467	0.01061	0.18831	0.13869	0.02122	0.81169	0.13869	0.02122	0.10146	0.03782	0.01108	0.89854	0.03782	0.01108	0.13528	0.06723	0.01477	-0.07955	0.03355	0.00000
yonahlossee_IGG_Fresh	yonahlossee	IGG	Fresh	0	308	304	79	25.64935	4.98052	0.02568	0.00913	0.91169	0.02781	0.00950	0.17500	0.10937	0.01884	0.82500	0.10937	0.01884	0.10558	0.03564	0.01076	0.89442	0.03564	0.01076	0.11737	0.04404	0.01196	-0.10855	0.05703	0.00913
glutinosus_SG_Fresh	glutinosus	SG	Fresh	0	308	304	85	27.59740	2.00000	0.00000	0.00000	0.90097	0.03006	0.00988	0.18506	0.11222	0.01909	0.81494	0.11222	0.01909	0.11851	0.03803	0.01111	0.88149	0.03803	0.01111	0.15801	0.06760	0.01482	-0.04058	0.03825	0.00000
yonahlossee_SG_Blood	yonahlossee	SG	Blood	1	308	304	71	23.05195	2.96753	0.03803	0.01111	0.91937	0.02578	0.00915	0.15693	0.09871	0.01790	0.84307	0.09871	0.01790	0.09686	0.03326	0.01039	0.90314	0.03326	0.01039	0.11645	0.04813	0.01250	-0.06962	0.03583	0.01111
cylindraceus_IGG_Blood	cylindraceus	IGG	Blood	0	182	179	25	13.73626	1.45055	0.24892	0.03698	0.95330	0.01576	0.00931	0.07692	0.04930	0.01646	0.92308	0.04930	0.01646	0.05769	0.02152	0.01087	0.94231	0.02152	0.01087	0.07875	0.04103	0.01501	0.00275	0.02347	0.03698
glutinosus_SG_FFS	glutinosus	SG	FFS	0	182	180	25	13.73626	2.23626	1.61790	0.09428	0.95302	0.01737	0.00977	0.07125	0.04533	0.01578	0.92875	0.04533	0.01578	0.05498	0.02097	0.01073	0.94502	0.02097	0.01073	0.07406	0.04277	0.01533	0.00167	0.01984	0.09428
welleri_IGG_FFS	welleri	IGG	FFS	37	244	244	16	6.55738	1.03279	0.03184	0.01142	0.96721	0.01538	0.00794	0.06557	0.06153	0.01588	0.93443	0.06153	0.01588	0.03279	0.01538	0.00794	0.96721	0.01538	0.00794	0.06557	0.06153	0.01588	0.00000	0.00000	0.01142
cinereus_IGG_FFS	cinereus	IGG	FFS	4	276	272	64	23.18841	5.15942	2.09086	0.08704	0.93668	0.01800	0.00808	0.12301	0.06928	0.01584	0.87699	0.06928	0.01584	0.08274	0.02582	0.00967	0.91726	0.02582	0.00967	0.09338	0.03346	0.01101	-0.05654	0.03424	0.08704
cylindraceus_IGG_Fresh	cylindraceus	IGG	Fresh	1	303	299	49	16.17162	1.77888	0.17280	0.02388	0.93977	0.02140	0.00840	0.11056	0.07797	0.01604	0.88944	0.07797	0.01604	0.07054	0.02652	0.00935	0.92946	0.02652	0.00935	0.10066	0.05689	0.01370	-0.01485	0.02213	0.02388
cinereus_SG_FFS	cinereus	SG	FFS	5	283	279	28	9.89399	2.59717	1.78751	0.07948	0.96490	0.01362	0.00694	0.07020	0.05449	0.01388	0.92980	0.05449	0.01388	0.04059	0.01650	0.00763	0.95941	0.01650	0.00763	0.05096	0.02771	0.00990	-0.03369	0.01966	0.07948
cylindraceus_IGG_FFS	cylindraceus	IGG	FFS	1	283	279	36	12.72085	1.76325	0.18134	0.02531	0.95053	0.01882	0.00816	0.09541	0.07243	0.01600	0.90459	0.07243	0.01600	0.05654	0.02250	0.00892	0.94346	0.02250	0.00892	0.08127	0.04893	0.01315	-0.02120	0.01551	0.02531
montanus_SG_Fresh	montanus	SG	Fresh	0	308	304	66	21.42857	5.99351	0.00647	0.00458	0.93003	0.02345	0.00873	0.13539	0.09222	0.01730	0.86461	0.09222	0.01730	0.08339	0.02890	0.00969	0.91661	0.02890	0.00969	0.09103	0.03444	0.01057	-0.08180	0.06568	0.00458
yonahlossee_SG_FFS	yonahlossee	SG	FFS	0	308	304	54	17.53247	1.43506	0.74170	0.04907	0.92073	0.03137	0.01009	0.15855	0.12548	0.02018	0.84145	0.12548	0.02018	0.08345	0.03340	0.01041	0.91655	0.03340	0.01041	0.15223	0.11772	0.01955	-0.01050	0.00534	0.04907
montanus_IGG_Fresh	montanus	IGG	Fresh	5	308	304	66	21.42857	5.56818	0.25918	0.02901	0.92468	0.02586	0.00916	0.14719	0.10112	0.01812	0.85281	0.10112	0.01812	0.08774	0.03163	0.01013	0.91226	0.03163	0.01013	0.09633	0.03816	0.01113	-0.09515	0.06141	0.02901
yonahlossee_IGG_FFS	yonahlossee	IGG	FFS	1	308	304	74	24.02597	3.36688	0.38939	0.03556	0.91978	0.02513	0.00903	0.15882	0.09940	0.01796	0.84118	0.09940	0.01796	0.09748	0.03285	0.01033	0.90252	0.03285	0.01033	0.11429	0.04521	0.01211	-0.07814	0.03958	0.03556
yonahlossee_IGG_Blood	yonahlossee	IGG	Blood	0	308	304	68	22.07792	2.99026	0.00968	0.00561	0.91883	0.02705	0.00937	0.16017	0.10600	0.01855	0.83983	0.10600	0.01855	0.09524	0.03373	0.01046	0.90476	0.03373	0.01046	0.11429	0.04857	0.01256	-0.07864	0.03986	0.00561
glutinosus_SG_Blood	glutinosus	SG	Blood	0	308	304	89	28.89610	4.00000	0.00000	0.00000	0.90544	0.02803	0.00954	0.17127	0.09822	0.01786	0.82873	0.09822	0.01786	0.11536	0.03624	0.01085	0.88464	0.03624	0.01085	0.13184	0.04734	0.01240	-0.07029	0.05786	0.00000
montanus_SG_FFS	montanus	SG	FFS	1	293	290	42	14.33447	2.43003	1.36923	0.06836	0.95927	0.01277	0.00660	0.07520	0.04733	0.01271	0.92480	0.04733	0.01271	0.05268	0.01847	0.00794	0.94732	0.01847	0.00794	0.06655	0.03222	0.01049	-0.01522	0.01989	0.06836
montanus_IGG_FFS	montanus	IGG	FFS	0	141	141	34	24.11348	1.65957	0.22614	0.04005	0.90957	0.02971	0.01452	0.18085	0.11884	0.02903	0.81915	0.11884	0.02903	0.10550	0.03622	0.01603	0.89450	0.03622	0.01603	0.15012	0.07750	0.02344	-0.04610	0.02107	0.04005
cinereus_IGG_Blood	cinereus	IGG	Blood	3	295	292	55	18.64407	3.08814	2.14867	0.08534	0.94121	0.01917	0.00806	0.10785	0.07233	0.01566	0.89215	0.07233	0.01566	0.07245	0.02558	0.00931	0.92755	0.02558	0.00931	0.08879	0.04141	0.01185	-0.03036	0.04039	0.08534
yonahlossee_SG_Fresh	yonahlossee	SG	Fresh	0	308	304	67	21.75325	2.00000	0.00000	0.00000	0.90584	0.03467	0.01061	0.18831	0.13869	0.02122	0.81169	0.13869	0.02122	0.10146	0.03782	0.01108	0.89854	0.03782	0.01108	0.13528	0.06723	0.01477	-0.07955	0.03355	0.00000
yonahlossee_IGG_Fresh	yonahlossee	IGG	Fresh	0	308	306	78	25.32468	3.98701	0.01286	0.00646	0.90639	0.03117	0.01006	0.18723	0.12467	0.02012	0.81277	0.12467	0.02012	0.10757	0.03691	0.01095	0.89243	0.03691	0.01095	0.12302	0.04827	0.01252	-0.11537	0.06269	0.00646
glutinosus_SG_Fresh	glutinosus	SG	Fresh	0	308	306	86	27.92208	2.00000	0.00000	0.00000	0.89529	0.03277	0.01031	0.20292	0.12726	0.02033	0.79708	0.12726	0.02033	0.12216	0.03974	0.01136	0.87784	0.03974	0.01136	0.16288	0.07065	0.01515	-0.06006	0.03628	0.00000
yonahlossee_SG_Blood	yonahlossee	SG	Blood	0	308	306	62	20.12987	1.97403	0.02538	0.00908	0.92776	0.02388	0.00880	0.13799	0.09083	0.01717	0.86201	0.09083	0.01717	0.08644	0.03052	0.00995	0.91356	0.03052	0.00995	0.11634	0.05582	0.01346	-0.03247	0.02500	0.00908
cylindraceus_IGG_Blood	cylindraceus	IGG	Blood	0	308	306	48	15.58442	1.44805	0.24811	0.02838	0.94075	0.02152	0.00836	0.10877	0.07852	0.01597	0.89123	0.07852	0.01597	0.06859	0.02617	0.00922	0.93141	0.02617	0.00922	0.10985	0.07358	0.01546	0.00162	0.01384	0.02838
glutinosus_SG_FFS	glutinosus	SG	FFS	0	165	163	23	13.93939	1.78788	0.77790	0.06866	0.95000	0.01836	0.01055	0.07172	0.04547	0.01660	0.92828	0.04547	0.01660	0.05850	0.02237	0.01164	0.94150	0.02237	0.01164	0.08009	0.04533	0.01657	0.01178	0.02526	0.06866
welleri_IGG_FFS	welleri	IGG	FFS	39	275	273	37	13.45455	1.88727	0.13688	0.02231	0.95273	0.01646	0.00774	0.09455	0.06585	0.01547	0.90545	0.06585	0.01547	0.05727	0.02169	0.00888	0.94273	0.02169	0.00888	0.07879	0.04223	0.01239	-0.02364	0.01130	0.02231
cinereus_IGG_FFS	cinereus	IGG	FFS	3	273	271	45	16.48352	1.73626	0.19489	0.02672	0.93590	0.02345	0.00927	0.12088	0.08828	0.01798	0.87912	0.08828	0.01798	0.07326	0.02793	0.01011	0.92674	0.02793	0.01011	0.10989	0.06754	0.01573	-0.01648	0.01903	0.02672
cylindraceus_IGG_Fresh	cylindraceus	IGG	Fresh	0	308	306	47	15.25974	1.96753	0.03152	0.01012	0.94156	0.02141	0.00834	0.11364	0.08314	0.01643	0.88636	0.08314	0.01643	0.06737	0.02588	0.00917	0.93263	0.02588	0.00917	0.09091	0.04763	0.01244	-0.03409	0.02082	0.01012
cinereus_SG_FFS	cinereus	SG	FFS	5	257	256	41	15.95331	2.83658	1.43413	0.07470	0.94001	0.02231	0.00932	0.11997	0.08923	0.01863	0.88003	0.08923	0.01863	0.06834	0.02613	0.01008	0.93166	0.02613	0.01008	0.10621	0.07171	0.01670	-0.02387	0.01196	0.07470
cylindraceus_IGG_FFS	cylindraceus	IGG	FFS	1	284	282	42	14.78873	3.30634	1.03303	0.06031	0.95335	0.01561	0.00741	0.09155	0.06187	0.01476	0.90845	0.06187	0.01476	0.05785	0.02100	0.00860	0.94215	0.02100	0.00860	0.06932	0.03121	0.01048	-0.03914	0.02668	0.06031
montanus_SG_Fresh	montanus	SG	Fresh	0	308	306	77	25.00000	6.99351	0.00647	0.00458	0.92308	0.02462	0.00894	0.14719	0.09516	0.01758	0.85281	0.09516	0.01758	0.09292	0.03081	0.01000	0.90708	0.03081	0.01000	0.10011	0.03577	0.01078	-0.09099	0.07023	0.00458
yonahlossee_SG_FFS	yonahlossee	SG	FFS	0	308	306	61	19.80519	2.37987	0.67933	0.04696	0.92100	0.02823	0.00957	0.15476	0.11067	0.01896	0.84524	0.11067	0.01896	0.08925	0.03313	0.01037	0.91075	0.03313	0.01037	0.11641	0.05670	0.01357	-0.05978	0.03107	0.04696
montanus_IGG_Fresh	montanus	IGG	Fresh	0	308	306	68	22.07792	5.39286	0.44777	0.03813	0.92113	0.02739	0.00943	0.15514	0.10671	0.01861	0.84486	0.10671	0.01861	0.09070	0.03276	0.01031	0.90930	0.03276	0.01031	0.09979	0.03971	0.01135	-0.10362	0.06188	0.03813
yonahlossee_IGG_FFS	yonahlossee	IGG	FFS	1	308	306	75	24.35065	3.31494	0.25554	0.02880	0.91748	0.02607	0.00920	0.16288	0.10354	0.01834	0.83712	0.10354	0.01834	0.09945	0.03335	0.01041	0.90055	0.03335	0.01041	0.11795	0.04696	0.01235	-0.07771	0.04414	0.02880
yonahlossee_IGG_Blood	yonahlossee	IGG	Blood	1	307	305	75	24.42997	3.45603	0.54299	0.04206	0.91680	0.02471	0.00897	0.16422	0.09665	0.01774	0.83578	0.09665	0.01774	0.10330	0.03502	0.01068	0.89670	0.03502	0.01068	0.11992	0.04742	0.01243	-0.08102	0.03398	0.04206
glutinosus_SG_Blood	glutinosus	SG	Blood	1	308	306	102	33.11688	6.17208	0.33837	0.03315	0.90829	0.02476	0.00897	0.16217	0.08206	0.01632	0.83783	0.08206	0.01632	0.11724	0.03349	0.01043	0.88276	0.03349	0.01043	0.12756	0.03965	0.01135	-0.06651	0.06057	0.03315
montanus_SG_FFS	montanus	SG	FFS	0	260	259	42	16.15385	2.88846	2.25392	0.09311	0.96099	0.01090	0.00647	0.07801	0.04358	0.01295	0.92199	0.04358	0.01295	0.05326	0.01706	0.00810	0.94674	0.01706	0.00810	0.06548	0.02814	0.01040	-0.02326	0.01080	0.09311
montanus_IGG_FFS	montanus	IGG	FFS	0	278	276	51	18.34532	3.51439	3.46369	0.11162	0.94817	0.01665	0.00774	0.09742	0.06348	0.01511	0.90258	0.06348	0.01511	0.06511	0.02213	0.00892	0.93489	0.02213	0.00892	0.07729	0.03418	0.01109	-0.03888	0.03889	0.11162
cinereus_IGG_Blood	cinereus	IGG	Blood	3	295	293	53	17.96610	2.60678	1.23261	0.06464	0.94096	0.01893	0.00801	0.10847	0.07233	0.01566	0.89153	0.07233	0.01566	0.07338	0.02615	0.00942	0.92662	0.02615	0.00942	0.09356	0.04587	0.01247	-0.02316	0.03582	0.06464
yonahlossee_SG_Fresh	yonahlossee	SG	Fresh	1	308	306	65	21.10390	1.43506	0.24658	0.02829	0.91558	0.02990	0.00985	0.16883	0.11961	0.01971	0.83117	0.11961	0.01971	0.09497	0.03462	0.01060	0.90503	0.03462	0.01060	0.15584	0.10213	0.01821	-0.01948	0.00939	0.02829
yonahlossee_IGG_Fresh	yonahlossee	IGG	Fresh	0	308	307	79	25.64935	5.42857	0.25872	0.02898	0.91342	0.02774	0.00949	0.16883	0.10702	0.01864	0.83117	0.10702	0.01864	0.10287	0.03468	0.01061	0.89713	0.03468	0.01061	0.11318	0.04204	0.01168	-0.10420	0.06239	0.02898
glutinosus_SG_Fresh	glutinosus	SG	Fresh	4	308	307	77	25.00000	2.00000	0.00000	0.00000	0.89529	0.03644	0.01088	0.20617	0.14384	0.02161	0.79383	0.14384	0.02161	0.11485	0.04056	0.01148	0.88515	0.04056	0.01148	0.15314	0.07211	0.01530	-0.07955	0.03844	0.00000
yonahlossee_SG_Blood	yonahlossee	SG	Blood	0	308	307	67	21.75325	1.99351	0.00647	0.00458	0.90828	0.03329	0.01040	0.18344	0.13318	0.02079	0.81656	0.13318	0.02079	0.10024	0.03700	0.01096	0.89976	0.03700	0.01096	0.13366	0.06577	0.01461	-0.07468	0.03186	0.00458
cylindraceus_IGG_Blood	cylindraceus	IGG	Blood	0	182	182	25	13.73626	1.45055	0.24892	0.03698	0.95330	0.01576	0.00931	0.07692	0.04930	0.01646	0.92308	0.04930	0.01646	0.05769	0.02152	0.01087	0.94231	0.02152	0.01087	0.07875	0.04103	0.01501	0.00275	0.02347	0.03698
glutinosus_SG_FFS	glutinosus	SG	FFS	0	192	191	25	13.02083	2.59896	2.48230	0.11370	0.96102	0.01340	0.00836	0.06806	0.04340	0.01503	0.93194	0.04340	0.01503	0.04824	0.01794	0.00967	0.95176	0.01794	0.00967	0.06220	0.03372	0.01325	-0.01286	0.01557	0.11370
welleri_IGG_FFS	welleri	IGG	FFS	41	286	285	50	17.48252	4.47203	1.53430	0.07324	0.95009	0.01523	0.00730	0.08304	0.05163	0.01344	0.91696	0.05163	0.01344	0.06450	0.02202	0.00878	0.93550	0.02202	0.00878	0.07378	0.02983	0.01021	-0.01279	0.04393	0.07324
cinereus_IGG_FFS	cinereus	IGG	FFS	2	277	276	67	24.18773	5.72202	3.09998	0.10579	0.92713	0.02217	0.00895	0.14007	0.08549	0.01757	0.85993	0.08549	0.01757	0.09095	0.03019	0.01044	0.90905	0.03019	0.01044	0.10212	0.03943	0.01193	-0.07436	0.04929	0.10579
cylindraceus_IGG_Fresh	cylindraceus	IGG	Fresh	2	303	302	49	16.17162	1.77888	0.17280	0.02388	0.93977	0.02140	0.00840	0.11056	0.07797	0.01604	0.88944	0.07797	0.01604	0.07054	0.02652	0.00935	0.92946	0.02652	0.00935	0.10066	0.05689	0.01370	-0.01485	0.02213	0.02388
cinereus_SG_FFS	cinereus	SG	FFS	4	270	269	42	15.55556	3.41481	4.00573	0.12180	0.94245	0.02167	0.00896	0.11511	0.08670	0.01792	0.88489	0.08670	0.01792	0.06529	0.02495	0.00961	0.93471	0.02495	0.00961	0.10591	0.07654	0.01684	-0.01889	0.01055	0.12180
cylindraceus_IGG_FFS	cylindraceus	IGG	FFS	0	281	280	42	14.94662	2.34875	0.48508	0.04155	0.95107	0.01662	0.00769	0.09193	0.06245	0.01491	0.90807	0.06245	0.01491	0.05995	0.02182	0.00881	0.94005	0.02182	0.00881	0.07722	0.03790	0.01161	-0.02432	0.02416	0.04155
montanus_SG_Fresh	montanus	SG	Fresh	4	308	307	74	24.02597	7.00000	0.00000	0.00000	0.92393	0.02494	0.00900	0.14564	0.09665	0.01771	0.85436	0.09665	0.01771	0.09084	0.03062	0.00997	0.90916	0.03062	0.00997	0.09783	0.03551	0.01074	-0.09203	0.07288	0.00000
yonahlossee_SG_FFS	yonahlossee	SG	FFS	1	308	307	62	20.12987	2.46753	0.92728	0.05487	0.92246	0.02707	0.00938	0.15184	0.10604	0.01855	0.84816	0.10604	0.01855	0.08909	0.03273	0.01031	0.91091	0.03273	0.01031	0.11450	0.05451	0.01330	-0.05965	0.03125	0.05487
montanus_IGG_Fresh	montanus	IGG	Fresh	1	308	307	67	21.75325	6.81818	0.14924	0.02201	0.92154	0.02729	0.00941	0.15291	0.10522	0.01848	0.84709	0.10522	0.01848	0.09021	0.03337	0.01041	0.90979	0.03337	0.01041	0.09730	0.03883	0.01123	-0.10596	0.06547	0.02201
yonahlossee_IGG_FFS	yonahlossee	IGG	FFS	0	308	307	75	24.35065	3.97727	0.02228	0.00851	0.91694	0.02652	0.00928	0.16450	0.10581	0.01854	0.83550	0.10581	0.01854	0.09945	0.03345	0.01042	0.90055	0.03345	0.01042	0.11374	0.04376	0.01192	-0.09161	0.05432	0.00851
yonahlossee_IGG_Blood	yonahlossee	IGG	Blood	1	308	307	70	22.72727	1.98052	0.01916	0.00789	0.90828	0.03207	0.01020	0.18344	0.12829	0.02041	0.81656	0.12829	0.02041	0.10268	0.03681	0.01093	0.89732	0.03681	0.01093	0.13690	0.06543	0.01458	-0.06981	0.03013	0.00789
glutinosus_SG_Blood	glutinosus	SG	Blood	1	196	195	49	25.00000	1.32143	0.21923	0.03344	0.89286	0.03782	0.01389	0.21429	0.15128	0.02778	0.78571	0.15128	0.02778	0.11607	0.04143	0.01454	0.88393	0.04143	0.01454	0.20918	0.14491	0.02719	-0.00765	0.00379	0.03344
montanus_SG_FFS	montanus	SG	FFS	0	148	148	20	13.51351	1.00000	0.00000	0.00000	0.93243	0.02942	0.01410	0.13514	0.11767	0.02820	0.86486	0.11767	0.02820	0.06757	0.02942	0.01410	0.93243	0.02942	0.01410	0.13514	0.11767	0.02820	0.00000	0.00000	0.00000
montanus_IGG_FFS	montanus	IGG	FFS	1	166	166	34	20.48193	2.13855	0.66553	0.06332	0.92319	0.02710	0.01278	0.14357	0.09997	0.02454	0.85643	0.09997	0.02454	0.08794	0.03182	0.01384	0.91206	0.03182	0.01384	0.10904	0.04906	0.01719	-0.05756	0.04382	0.06332
cinereus_IGG_Blood	cinereus	IGG	Blood	2	295	294	55	18.64407	3.08814	2.14867	0.08534	0.94121	0.01917	0.00806	0.10785	0.07233	0.01566	0.89215	0.07233	0.01566	0.07245	0.02558	0.00931	0.92755	0.02558	0.00931	0.08879	0.04141	0.01185	-0.03036	0.04039	0.08534
yonahlossee_SG_Fresh	yonahlossee	SG	Fresh	0	308	307	61	19.80519	1.43506	0.24658	0.02829	0.92127	0.02819	0.00957	0.14448	0.10365	0.01834	0.85552	0.10365	0.01834	0.08888	0.03284	0.01033	0.91112	0.03284	0.01033	0.14015	0.08896	0.01700	-0.00649	0.02276	0.02829
yonahlossee_IGG_Fresh	yonahlossee	IGG	Fresh	0	308	308	69	22.40260	3.42857	0.25872	0.02898	0.91897	0.02690	0.00934	0.15720	0.10344	0.01833	0.84280	0.10344	0.01833	0.09532	0.03373	0.01047	0.90468	0.03373	0.01047	0.11170	0.04651	0.01229	-0.07922	0.04467	0.02898
glutinosus_SG_Fresh	glutinosus	SG	Fresh	0	308	308	86	27.92208	2.00000	0.00000	0.00000	0.89529	0.03277	0.01031	0.20292	0.12726	0.02033	0.79708	0.12726	0.02033	0.12216	0.03974	0.01136	0.87784	0.03974	0.01136	0.16288	0.07065	0.01515	-0.06006	0.03628	0.00000
yonahlossee_SG_Blood	yonahlossee	SG	Blood	0	307	307	63	20.52117	1.88274	0.10385	0.01839	0.92997	0.02204	0.00847	0.13681	0.08580	0.01672	0.86319	0.08580	0.01672	0.08632	0.02970	0.00984	0.91368	0.02970	0.00984	0.11618	0.05436	0.01331	-0.03094	0.01946	0.01839
cylindraceus_IGG_Blood	cylindraceus	IGG	Blood	0	308	308	48	15.58442	1.44805	0.24811	0.02838	0.94075	0.02152	0.00836	0.10877	0.07852	0.01597	0.89123	0.07852	0.01597	0.06859	0.02617	0.00922	0.93141	0.02617	0.00922	0.10985	0.07358	0.01546	0.00162	0.01384	0.02838
glutinosus_SG_FFS	glutinosus	SG	FFS	0	171	171	25	14.61988	2.23392	1.82731	0.10337	0.95361	0.01590	0.00964	0.08694	0.05878	0.01854	0.91306	0.05878	0.01854	0.05686	0.02084	0.01104	0.94314	0.02084	0.01104	0.07466	0.04008	0.01531	-0.02364	0.02196	0.10337
welleri_IGG_FFS	welleri	IGG	FFS	40	286	286	57	19.93007	5.37413	1.74375	0.07808	0.94971	0.01388	0.00697	0.08613	0.04914	0.01311	0.91387	0.04914	0.01311	0.06786	0.02170	0.00871	0.93214	0.02170	0.00871	0.07458	0.02623	0.00958	-0.01630	0.04482	0.07808
cinereus_IGG_FFS	cinereus	IGG	FFS	2	277	277	59	21.29964	4.97473	2.26385	0.09040	0.93688	0.01948	0.00839	0.12503	0.07781	0.01676	0.87497	0.07781	0.01676	0.07945	0.02663	0.00980	0.92055	0.02663	0.00980	0.09027	0.03483	0.01121	-0.06353	0.03817	0.09040
cylindraceus_IGG_Fresh	cylindraceus	IGG	Fresh	0	308	308	44	14.28571	1.76623	0.17970	0.02415	0.94643	0.01951	0.00796	0.10714	0.07806	0.01592	0.89286	0.07806	0.01592	0.06250	0.02407	0.00884	0.93750	0.02407	0.00884	0.09091	0.05414	0.01326	-0.02435	0.01162	0.02415
cinereus_SG_FFS	cinereus	SG	FFS	7	284	284	46	16.19718	4.74296	5.30119	0.13662	0.95690	0.01206	0.00652	0.08620	0.04824	0.01303	0.91380	0.04824	0.01303	0.05844	0.01962	0.00831	0.94156	0.01962	0.00831	0.06946	0.02812	0.00995	-0.03253	0.01595	0.13662
cylindraceus_IGG_FFS	cylindraceus	IGG	FFS	0	205	205	29	14.14634	1.62439	0.23568	0.03391	0.94878	0.01820	0.00942	0.10244	0.07279	0.01884	0.89756	0.07279	0.01884	0.06098	0.02322	0.01064	0.93902	0.02322	0.01064	0.08780	0.05108	0.01578	-0.02195	0.01055	0.03391
montanus_SG_Fresh	montanus	SG	Fresh	0	308	308	70	22.72727	5.99351	0.00647	0.00458	0.92760	0.02376	0.00878	0.14026	0.09350	0.01742	0.85974	0.09350	0.01742	0.08695	0.02941	0.00977	0.91305	0.02941	0.00977	0.09492	0.03505	0.01067	-0.08398	0.06660	0.00458
yonahlossee_SG_FFS	yonahlossee	SG	FFS	0	308	308	61	19.80519	2.00000	0.00000	0.00000	0.91640	0.03106	0.01004	0.16396	0.12205	0.01991	0.83604	0.12205	0.01991	0.09131	0.03454	0.01059	0.90869	0.03454	0.01059	0.12175	0.06140	0.01412	-0.06331	0.03262	0.00000
montanus_IGG_Fresh	montanus	IGG	Fresh	3	308	308	68	22.07792	5.39286	0.44777	0.03813	0.92113	0.02739	0.00943	0.15514	0.10671	0.01861	0.84486	0.10671	0.01861	0.09070	0.03276	0.01031	0.90930	0.03276	0.01031	0.09979	0.03971	0.01135	-0.10362	0.06188	0.03813
yonahlossee_IGG_FFS	yonahlossee	IGG	FFS	0	308	308	71	23.05195	2.78247	0.68542	0.04717	0.92073	0.02438	0.00890	0.15693	0.09640	0.01769	0.84307	0.09640	0.01769	0.09738	0.03310	0.01037	0.90262	0.03310	0.01037	0.12208	0.05250	0.01306	-0.05768	0.02539	0.04717
yonahlossee_IGG_Blood	yonahlossee	IGG	Blood	1	308	308	69	22.40260	2.93506	0.06092	0.01406	0.91450	0.02832	0.00959	0.17100	0.11326	0.01918	0.82900	0.11326	0.01918	0.09993	0.03581	0.01078	0.90007	0.03581	0.01078	0.11991	0.05156	0.01294	-0.08793	0.04054	0.01406
glutinosus_SG_Blood	glutinosus	SG	Blood	1	308	308	100	32.46753	5.74351	0.69295	0.04743	0.90616	0.02573	0.00914	0.17079	0.08926	0.01702	0.82921	0.08926	0.01702	0.11877	0.03496	0.01065	0.88123	0.03496	0.01065	0.13009	0.04197	0.01167	-0.08149	0.05704	0.04743
montanus_SG_FFS	montanus	SG	FFS	0	298	298	52	17.44966	4.20470	5.86705	0.14031	0.95806	0.01182	0.00630	0.07916	0.04575	0.01239	0.92084	0.04575	0.01239	0.05679	0.01837	0.00785	0.94321	0.01837	0.00785	0.06671	0.02781	0.00966	-0.02125	0.02517	0.14031
montanus_IGG_FFS	montanus	IGG	FFS	0	253	253	50	19.76285	2.98419	2.26959	0.09471	0.94025	0.01961	0.00880	0.10962	0.07179	0.01685	0.89038	0.07179	0.01685	0.07329	0.02491	0.00992	0.92671	0.02491	0.00992	0.09071	0.04232	0.01293	-0.03660	0.04221	0.09471
cinereus_IGG_Blood	cinereus	IGG	Blood	2	281	281	43	15.30249	1.90747	0.74855	0.05161	0.94573	0.01929	0.00829	0.10498	0.07436	0.01627	0.89502	0.07436	0.01627	0.06421	0.02421	0.00928	0.93579	0.02421	0.00928	0.08932	0.05217	0.01363	-0.02728	0.01840	0.05161
yonahlossee_SG_Fresh	yonahlossee	SG	Fresh	0	308	308	61	19.80519	1.43506	0.24658	0.02829	0.92127	0.02819	0.00957	0.14448	0.10365	0.01834	0.85552	0.10365	0.01834	0.08888	0.03284	0.01033	0.91112	0.03284	0.01033	0.14015	0.08896	0.01700	-0.00649	0.02276	0.02829
yonahlossee_IGG_Fresh	yonahlossee	IGG	Fresh	0	308	303	75	24.35065	2.98701	0.01286	0.00646	0.90666	0.03118	0.01006	0.18669	0.12473	0.02012	0.81331	0.12473	0.02012	0.10710	0.03740	0.01102	0.89290	0.03740	0.01102	0.12868	0.05397	0.01324	-0.09876	0.04846	0.00646
glutinosus_SG_Fresh	glutinosus	SG	Fresh	1	308	303	77	25.00000	2.00000	0.00000	0.00000	0.89529	0.03644	0.01088	0.20617	0.14384	0.02161	0.79383	0.14384	0.02161	0.11485	0.04056	0.01148	0.88515	0.04056	0.01148	0.15314	0.07211	0.01530	-0.07955	0.03844	0.00000
yonahlossee_SG_Blood	yonahlossee	SG	Blood	1	307	302	70	22.80130	1.90228	0.08846	0.01697	0.90798	0.03215	0.01023	0.18404	0.12860	0.02047	0.81596	0.12860	0.02047	0.10301	0.03689	0.01096	0.89699	0.03689	0.01096	0.13844	0.06710	0.01478	-0.06840	0.02962	0.01697
cylindraceus_IGG_Blood	cylindraceus	IGG	Blood	0	182	178	25	13.73626	1.45055	0.24892	0.03698	0.95330	0.01576	0.00931	0.07692	0.04930	0.01646	0.92308	0.04930	0.01646	0.05769	0.02152	0.01087	0.94231	0.02152	0.01087	0.07875	0.04103	0.01501	0.00275	0.02347	0.03698
glutinosus_SG_FFS	glutinosus	SG	FFS	0	183	183	20	10.92896	2.63388	2.51907	0.11733	0.96430	0.01302	0.00843	0.05228	0.03140	0.01310	0.94772	0.03140	0.01310	0.04296	0.01667	0.00955	0.95704	0.01667	0.00955	0.05206	0.02591	0.01190	-0.00271	0.02033	0.11733
welleri_IGG_FFS	welleri	IGG	FFS	37	265	265	49	18.49057	2.77358	0.28188	0.03261	0.93899	0.01925	0.00852	0.08931	0.05954	0.01499	0.91069	0.05954	0.01499	0.07621	0.02706	0.01010	0.92379	0.02706	0.01010	0.09258	0.04008	0.01230	0.00786	0.06578	0.03261
cinereus_IGG_FFS	cinereus	IGG	FFS	8	277	275	65	23.46570	5.76895	3.00439	0.10415	0.93302	0.01939	0.00837	0.12948	0.07433	0.01638	0.87052	0.07433	0.01638	0.08634	0.02797	0.01005	0.91366	0.02797	0.01005	0.09561	0.03453	0.01116	-0.06673	0.03966	0.10415
cylindraceus_IGG_Fresh	cylindraceus	IGG	Fresh	1	308	303	52	16.88312	2.73377	0.24159	0.02801	0.94724	0.01705	0.00744	0.10335	0.06719	0.01477	0.89665	0.06719	0.01477	0.06597	0.02306	0.00865	0.93403	0.02306	0.00865	0.08149	0.03596	0.01081	-0.03680	0.02502	0.02801
cinereus_SG_FFS	cinereus	SG	FFS	7	284	281	45	15.84507	3.02817	1.47624	0.07210	0.95475	0.01318	0.00681	0.09049	0.05271	0.01362	0.90951	0.05271	0.01362	0.06014	0.02046	0.00849	0.93986	0.02046	0.00849	0.07475	0.03190	0.01060	-0.02769	0.01421	0.07210
cylindraceus_IGG_FFS	cylindraceus	IGG	FFS	0	264	260	40	15.15152	3.03030	1.20820	0.06765	0.95186	0.01606	0.00780	0.09375	0.06302	0.01545	0.90625	0.06302	0.01545	0.05965	0.02183	0.00909	0.94035	0.02183	0.00909	0.07523	0.03749	0.01192	-0.03302	0.02284	0.06765
montanus_SG_Fresh	montanus	SG	Fresh	2	308	303	74	24.02597	6.00000	0.00000	0.00000	0.92478	0.02468	0.00895	0.14286	0.09516	0.01758	0.85714	0.09516	0.01758	0.08992	0.02993	0.00986	0.91008	0.02993	0.00986	0.09809	0.03562	0.01075	-0.08486	0.07122	0.00000
yonahlossee_SG_FFS	yonahlossee	SG	FFS	0	308	303	55	17.85714	1.15909	0.18633	0.02460	0.91883	0.03212	0.01021	0.16234	0.12846	0.02042	0.83766	0.12846	0.02042	0.08514	0.03393	0.01050	0.91486	0.03393	0.01050	0.15974	0.12516	0.02016	-0.00406	0.00182	0.02460
montanus_IGG_Fresh	montanus	IGG	Fresh	1	308	303	66	21.42857	3.39286	0.44777	0.03813	0.92343	0.02619	0.00922	0.14881	0.10174	0.01818	0.85119	0.10174	0.01818	0.08920	0.03172	0.01015	0.91080	0.03172	0.01015	0.10438	0.04363	0.01190	-0.07794	0.04900	0.03813
yonahlossee_IGG_FFS	yonahlossee	IGG	FFS	0	308	303	62	20.12987	1.33442	0.22331	0.02693	0.90747	0.03579	0.01078	0.18506	0.14316	0.02156	0.81494	0.14316	0.02156	0.09659	0.03757	0.01104	0.90341	0.03757	0.01104	0.17641	0.13183	0.02069	-0.01299	0.00635	0.02693
yonahlossee_IGG_Blood	yonahlossee	IGG	Blood	1	308	303	74	24.02597	2.97078	0.02846	0.00961	0.91477	0.02712	0.00938	0.16829	0.10631	0.01858	0.83171	0.10631	0.01858	0.10187	0.03475	0.01062	0.89813	0.03475	0.01062	0.12240	0.05015	0.01276	-0.07891	0.03898	0.00961
glutinosus_SG_Blood	glutinosus	SG	Blood	1	308	303	77	25.00000	1.84091	0.54464	0.04205	0.90179	0.03364	0.01045	0.19318	0.13257	0.02075	0.80682	0.13257	0.02075	0.11007	0.03816	0.01113	0.88993	0.03816	0.01113	0.16548	0.09532	0.01759	-0.04302	0.02468	0.04205
montanus_SG_FFS	montanus	SG	FFS	0	221	219	29	13.12217	2.09502	1.27729	0.07602	0.95984	0.01307	0.00769	0.07730	0.05072	0.01515	0.92270	0.05072	0.01515	0.05108	0.01851	0.00915	0.94892	0.01851	0.00915	0.07232	0.04285	0.01392	-0.00973	0.01133	0.07602
montanus_IGG_FFS	montanus	IGG	FFS	1	255	250	55	21.56863	2.09804	0.81319	0.05647	0.92026	0.02741	0.01037	0.15686	0.10872	0.02065	0.84314	0.10872	0.02065	0.09216	0.03277	0.01134	0.90784	0.03277	0.01134	0.12863	0.07132	0.01672	-0.04771	0.03211	0.05647
cinereus_IGG_Blood	cinereus	IGG	Blood	0	163	163	30	18.40491	1.57055	0.24653	0.03889	0.94018	0.01839	0.01062	0.11963	0.07356	0.02124	0.88037	0.07356	0.02124	0.07592	0.02632	0.01271	0.92408	0.02632	0.01271	0.10532	0.05280	0.01800	-0.02147	0.01034	0.03889
yonahlossee_SG_Fresh	yonahlossee	SG	Fresh	0	308	303	65	21.10390	1.43506	0.24658	0.02829	0.91558	0.02990	0.00985	0.16883	0.11961	0.01971	0.83117	0.11961	0.01971	0.09497	0.03462	0.01060	0.90503	0.03462	0.01060	0.15584	0.10213	0.01821	-0.01948	0.00939	0.02829
yonahlossee_IGG_Fresh	yonahlossee	IGG	Fresh	0	308	307	81	26.29870	5.41558	0.27624	0.02995	0.91531	0.02572	0.00914	0.16483	0.09885	0.01791	0.83517	0.09885	0.01791	0.10376	0.03425	0.01055	0.89624	0.03425	0.01055	0.11418	0.04155	0.01161	-0.09595	0.05398	0.02995
glutinosus_SG_Fresh	glutinosus	SG	Fresh	1	308	307	85	27.59740	2.00000	0.00000	0.00000	0.90097	0.03006	0.00988	0.18506	0.11222	0.01909	0.81494	0.11222	0.01909	0.11851	0.03803	0.01111	0.88149	0.03803	0.01111	0.15801	0.06760	0.01482	-0.04058	0.03825	0.00000
yonahlossee_SG_Blood	yonahlossee	SG	Blood	0	308	307	74	24.02597	2.87013	0.13292	0.02077	0.92073	0.02403	0.00883	0.15639	0.09390	0.01746	0.84361	0.09390	0.01746	0.09808	0.03252	0.01028	0.90192	0.03252	0.01028	0.11807	0.04717	0.01238	-0.06620	0.03172	0.02077
cylindraceus_IGG_Blood	cylindraceus	IGG	Blood	0	308	307	46	14.93506	1.40909	0.24252	0.02806	0.93344	0.02691	0.00935	0.13312	0.10763	0.01869	0.86688	0.10763	0.01869	0.07062	0.02889	0.00969	0.92938	0.02889	0.00969	0.11688	0.08456	0.01657	-0.02435	0.01162	0.02806
glutinosus_SG_FFS	glutinosus	SG	FFS	1	171	170	19	11.11111	2.22807	1.88297	0.10494	0.96326	0.01314	0.00877	0.06764	0.04752	0.01667	0.93236	0.04752	0.01667	0.04466	0.01737	0.01008	0.95534	0.01737	0.01008	0.05721	0.03115	0.01350	-0.02068	0.02084	0.10494
welleri_IGG_FFS	welleri	IGG	FFS	40	284	283	45	15.84507	2.69014	0.42662	0.03876	0.93809	0.02302	0.00900	0.09566	0.06375	0.01498	0.90434	0.06375	0.01498	0.07028	0.02732	0.00981	0.92972	0.02732	0.00981	0.08650	0.04204	0.01217	-0.01516	0.03553	0.03876
cinereus_IGG_FFS	cinereus	IGG	FFS	0	246	245	43	17.47967	1.78862	0.16738	0.02608	0.93293	0.02405	0.00989	0.13415	0.09622	0.01978	0.86585	0.09622	0.01978	0.07724	0.02896	0.01085	0.92276	0.02896	0.01085	0.11111	0.06334	0.01605	-0.03455	0.01615	0.02608
cylindraceus_IGG_Fresh	cylindraceus	IGG	Fresh	0	301	300	38	12.62458	1.77409	0.17546	0.02414	0.95432	0.01645	0.00739	0.08804	0.06306	0.01447	0.91196	0.06306	0.01447	0.05440	0.02104	0.00836	0.94560	0.02104	0.00836	0.07364	0.03910	0.01140	-0.02159	0.01537	0.02414
cinereus_SG_FFS	cinereus	SG	FFS	5	284	283	46	16.19718	4.66901	6.37063	0.14977	0.95634	0.01244	0.00662	0.08732	0.04978	0.01324	0.91268	0.04978	0.01324	0.05870	0.01985	0.00836	0.94130	0.01985	0.00836	0.06982	0.02847	0.01001	-0.03377	0.01709	0.14977
cylindraceus_IGG_FFS	cylindraceus	IGG	FFS	0	279	278	36	12.90323	1.48746	0.25074	0.02998	0.94892	0.01964	0.00839	0.09857	0.07568	0.01647	0.90143	0.07568	0.01647	0.05780	0.02312	0.00910	0.94220	0.02312	0.00910	0.08901	0.05910	0.01455	-0.01434	0.01238	0.02998
montanus_SG_Fresh	montanus	SG	Fresh	1	308	307	62	20.12987	2.99351	0.00647	0.00458	0.93074	0.02342	0.00872	0.13312	0.09044	0.01714	0.86688	0.09044	0.01714	0.08225	0.02892	0.00969	0.91775	0.02892	0.00969	0.09913	0.04211	0.01169	-0.05763	0.04139	0.00458
yonahlossee_SG_FFS	yonahlossee	SG	FFS	0	308	307	49	15.90909	1.31169	0.52143	0.04115	0.92735	0.02961	0.00981	0.14529	0.11846	0.01961	0.85471	0.11846	0.01961	0.07570	0.03098	0.01003	0.92430	0.03098	0.01003	0.13999	0.11161	0.01904	-0.00866	0.00449	0.04115
montanus_IGG_Fresh	montanus	IGG	Fresh	3	308	307	53	17.20779	3.00000	0.00000	0.00000	0.92641	0.02895	0.00969	0.14719	0.11580	0.01939	0.85281	0.11580	0.01939	0.07864	0.03103	0.01004	0.92136	0.03103	0.01004	0.09437	0.04469	0.01205	-0.08847	0.04963	0.00000
yonahlossee_IGG_FFS	yonahlossee	IGG	FFS	0	308	307	77	25.00000	4.34740	0.43592	0.03762	0.92262	0.02341	0.00872	0.15216	0.09236	0.01732	0.84784	0.09236	0.01732	0.09612	0.03160	0.01013	0.90388	0.03160	0.01013	0.10842	0.04024	0.01143	-0.08002	0.04635	0.03762
yonahlossee_IGG_Blood	yonahlossee	IGG	Blood	1	308	307	77	25.00000	4.64935	0.28055	0.03018	0.91631	0.02501	0.00901	0.16477	0.09777	0.01782	0.83523	0.09777	0.01782	0.10351	0.03485	0.01064	0.89649	0.03485	0.01064	0.11550	0.04341	0.01187	-0.09402	0.04601	0.03018
glutinosus_SG_Blood	glutinosus	SG	Blood	0	302	301	58	19.20530	1.54305	0.24897	0.02871	0.91887	0.03036	0.01003	0.15894	0.11917	0.01986	0.84106	0.11917	0.01986	0.08858	0.03376	0.01057	0.91142	0.03376	0.01057	0.13024	0.07730	0.01600	-0.04305	0.02472	0.02871
montanus_SG_FFS	montanus	SG	FFS	2	298	297	49	16.44295	3.18792	2.28780	0.08762	0.95805	0.01217	0.00639	0.07864	0.04666	0.01251	0.92136	0.04666	0.01251	0.05611	0.01847	0.00787	0.94389	0.01847	0.00787	0.06789	0.02939	0.00993	-0.01816	0.02275	0.08762
montanus_IGG_FFS	montanus	IGG	FFS	1	236	235	45	19.06780	1.99153	0.79993	0.05822	0.93891	0.01992	0.00919	0.12218	0.07969	0.01838	0.87782	0.07969	0.01838	0.07504	0.02582	0.01046	0.92496	0.02582	0.01046	0.09703	0.04613	0.01398	-0.04202	0.02219	0.05822
cinereus_IGG_Blood	cinereus	IGG	Blood	4	308	307	58	18.83117	3.44156	1.58289	0.07169	0.94153	0.01890	0.00783	0.10763	0.07304	0.01540	0.89237	0.07304	0.01540	0.07243	0.02534	0.00907	0.92757	0.02534	0.00907	0.08491	0.03603	0.01082	-0.03556	0.04930	0.07169
yonahlossee_SG_Fresh	yonahlossee	SG	Fresh	1	308	307	61	19.80519	1.43506	0.24658	0.02829	0.92127	0.02819	0.00957	0.14448	0.10365	0.01834	0.85552	0.10365	0.01834	0.08888	0.03284	0.01033	0.91112	0.03284	0.01033	0.14015	0.08896	0.01700	-0.00649	0.02276	0.02829
yonahlossee_IGG_Fresh	yonahlossee	IGG	Fresh	0	308	308	79	25.64935	3.42208	0.25775	0.02893	0.91301	0.02668	0.00931	0.16694	0.10055	0.01807	0.83306	0.10055	0.01807	0.10564	0.03525	0.01070	0.89436	0.03525	0.01070	0.12351	0.04838	0.01253	-0.07653	0.04151	0.02893
glutinosus_SG_Fresh	glutinosus	SG	Fresh	0	308	308	86	27.92208	2.00000	0.00000	0.00000	0.89529	0.03277	0.01031	0.20292	0.12726	0.02033	0.79708	0.12726	0.02033	0.12216	0.03974	0.01136	0.87784	0.03974	0.01136	0.16288	0.07065	0.01515	-0.06006	0.03628	0.00000
yonahlossee_SG_Blood	yonahlossee	SG	Blood	0	308	308	75	24.35065	2.87662	0.11502	0.01932	0.92316	0.02285	0.00861	0.14827	0.08833	0.01693	0.85173	0.08833	0.01693	0.09632	0.03117	0.01006	0.90368	0.03117	0.01006	0.11602	0.04533	0.01213	-0.05574	0.03660	0.01932
cylindraceus_IGG_Blood	cylindraceus	IGG	Blood	0	308	308	48	15.58442	1.44805	0.24811	0.02838	0.94075	0.02152	0.00836	0.10877	0.07852	0.01597	0.89123	0.07852	0.01597	0.06859	0.02617	0.00922	0.93141	0.02617	0.00922	0.10985	0.07358	0.01546	0.00162	0.01384	0.02838
glutinosus_SG_FFS	glutinosus	SG	FFS	0	112	112	17	15.17857	1.08036	0.07457	0.02580	0.92411	0.03248	0.01703	0.15179	0.12991	0.03406	0.84821	0.12991	0.03406	0.07589	0.03248	0.01703	0.92411	0.03248	0.01703	0.14286	0.11755	0.03240	-0.01339	0.00658	0.02580
welleri_IGG_FFS	welleri	IGG	FFS	40	286	286	57	19.93007	5.35664	1.70394	0.07719	0.94971	0.01388	0.00697	0.08613	0.04914	0.01311	0.91387	0.04914	0.01311	0.06786	0.02170	0.00871	0.93214	0.02170	0.00871	0.07458	0.02623	0.00958	-0.01630	0.04482	0.07719
cinereus_IGG_FFS	cinereus	IGG	FFS	3	274	274	44	16.05839	1.75182	0.18727	0.02614	0.93339	0.02554	0.00965	0.13321	0.10215	0.01931	0.86679	0.10215	0.01931	0.07345	0.02887	0.01026	0.92655	0.02887	0.01026	0.11010	0.06913	0.01588	-0.03467	0.01619	0.02614
cylindraceus_IGG_Fresh	cylindraceus	IGG	Fresh	1	308	308	55	17.85714	2.95130	0.07905	0.01602	0.93669	0.02195	0.00844	0.12013	0.08360	0.01648	0.87987	0.08360	0.01648	0.07486	0.02742	0.00944	0.92514	0.02742	0.00944	0.09113	0.04134	0.01159	-0.04888	0.03801	0.01602
cinereus_SG_FFS	cinereus	SG	FFS	5	284	284	46	16.19718	5.20070	7.27053	0.16000	0.95759	0.01171	0.00642	0.08481	0.04683	0.01284	0.91519	0.04683	0.01284	0.05788	0.01931	0.00825	0.94212	0.01931	0.00825	0.06862	0.02759	0.00986	-0.03196	0.01558	0.16000
cylindraceus_IGG_FFS	cylindraceus	IGG	FFS	0	250	250	38	15.20000	2.31200	0.61712	0.04968	0.95100	0.01625	0.00806	0.09400	0.06174	0.01572	0.90600	0.06174	0.01572	0.06083	0.02201	0.00938	0.93917	0.02201	0.00938	0.08093	0.04239	0.01302	-0.02300	0.01746	0.04968
montanus_SG_Fresh	montanus	SG	Fresh	0	308	308	74	24.02597	6.00000	0.00000	0.00000	0.92532	0.02449	0.00892	0.14394	0.09557	0.01762	0.85606	0.09557	0.01762	0.08938	0.02976	0.00983	0.91062	0.02976	0.00983	0.09750	0.03542	0.01072	-0.08835	0.06824	0.00000
yonahlossee_SG_FFS	yonahlossee	SG	FFS	0	308	308	55	17.85714	1.48701	0.98680	0.05660	0.91913	0.03199	0.01019	0.16174	0.12798	0.02038	0.83826	0.12798	0.02038	0.08488	0.03390	0.01049	0.91512	0.03390	0.01049	0.15461	0.11955	0.01970	-0.01226	0.00605	0.05660
montanus_IGG_Fresh	montanus	IGG	Fresh	0	308	308	57	18.50649	4.00000	0.00000	0.00000	0.92248	0.02914	0.00973	0.15341	0.11544	0.01936	0.84659	0.11544	0.01936	0.08492	0.03274	0.01031	0.91508	0.03274	0.01031	0.09705	0.04276	0.01178	-0.10060	0.06183	0.00000
yonahlossee_IGG_FFS	yonahlossee	IGG	FFS	0	308	308	78	25.32468	5.86039	0.17914	0.02412	0.91759	0.02621	0.00922	0.16374	0.10448	0.01842	0.83626	0.10448	0.01842	0.09899	0.03281	0.01032	0.90101	0.03281	0.01032	0.10802	0.03906	0.01126	-0.10700	0.06433	0.02412
yonahlossee_IGG_Blood	yonahlossee	IGG	Blood	1	308	308	70	22.72727	2.94481	0.05232	0.01303	0.91342	0.02885	0.00968	0.17316	0.11541	0.01936	0.82684	0.11541	0.01936	0.10065	0.03586	0.01079	0.89935	0.03586	0.01079	0.12078	0.05164	0.01295	-0.08983	0.04248	0.01303
glutinosus_SG_Blood	glutinosus	SG	Blood	0	308	308	72	23.37662	2.00000	0.00000	0.00000	0.91153	0.02940	0.00977	0.17370	0.11550	0.01936	0.82630	0.11550	0.01936	0.10268	0.03559	0.01075	0.89732	0.03559	0.01075	0.13690	0.06326	0.01433	-0.05519	0.02952	0.00000
montanus_SG_FFS	montanus	SG	FFS	0	294	294	49	16.66667	3.34694	3.28537	0.10571	0.95696	0.01274	0.00658	0.08201	0.04892	0.01290	0.91799	0.04892	0.01290	0.05699	0.01917	0.00808	0.94301	0.01917	0.00808	0.06941	0.03156	0.01036	-0.02190	0.02022	0.10571
montanus_IGG_FFS	montanus	IGG	FFS	1	255	255	59	23.13725	2.80784	2.54167	0.09984	0.92222	0.02551	0.01000	0.15098	0.09873	0.01968	0.84902	0.09873	0.01968	0.09264	0.03170	0.01115	0.90736	0.03170	0.01115	0.12282	0.06411	0.01586	-0.05275	0.03702	0.09984
cinereus_IGG_Blood	cinereus	IGG	Blood	4	295	295	53	17.96610	2.60678	1.23261	0.06464	0.94096	0.01893	0.00801	0.10847	0.07233	0.01566	0.89153	0.07233	0.01566	0.07338	0.02615	0.00942	0.92662	0.02615	0.00942	0.09356	0.04587	0.01247	-0.02316	0.03582	0.06464
yonahlossee_SG_Fresh	yonahlossee	SG	Fresh	0	308	308	67	21.75325	2.00000	0.00000	0.00000	0.90584	0.03467	0.01061	0.18831	0.13869	0.02122	0.81169	0.13869	0.02122	0.10146	0.03782	0.01108	0.89854	0.03782	0.01108	0.13528	0.06723	0.01477	-0.07955	0.03355	0.00000
yonahlossee_IGG_Fresh	yonahlossee	IGG	Fresh	0	308	308	79	25.64935	3.98052	0.02568	0.00913	0.91153	0.02747	0.00944	0.17478	0.10774	0.01870	0.82522	0.10774	0.01870	0.10653	0.03566	0.01076	0.89347	0.03566	0.01076	0.12185	0.04666	0.01231	-0.09683	0.04917	0.00913
glutinosus_SG_Fresh	glutinosus	SG	Fresh	0	308	308	77	25.00000	2.00000	0.00000	0.00000	0.89529	0.03644	0.01088	0.20617	0.14384	0.02161	0.79383	0.14384	0.02161	0.11485	0.04056	0.01148	0.88515	0.04056	0.01148	0.15314	0.07211	0.01530	-0.07955	0.03844	0.00000
yonahlossee_SG_Blood	yonahlossee	SG	Blood	0	308	308	62	20.12987	1.97403	0.02538	0.00908	0.92776	0.02388	0.00880	0.13799	0.09083	0.01717	0.86201	0.09083	0.01717	0.08644	0.03052	0.00995	0.91356	0.03052	0.00995	0.11634	0.05582	0.01346	-0.03247	0.02500	0.00908
cylindraceus_IGG_Blood	cylindraceus	IGG	Blood	0	308	308	46	14.93506	1.40909	0.24252	0.02806	0.93344	0.02691	0.00935	0.13312	0.10763	0.01869	0.86688	0.10763	0.01869	0.07062	0.02889	0.00969	0.92938	0.02889	0.00969	0.11688	0.08456	0.01657	-0.02435	0.01162	0.02806
glutinosus_SG_FFS	glutinosus	SG	FFS	0	194	194	26	13.40206	2.68041	2.31184	0.10916	0.95507	0.01674	0.00929	0.06667	0.04137	0.01460	0.93333	0.04137	0.01460	0.05253	0.02012	0.01018	0.94747	0.02012	0.01018	0.06756	0.03696	0.01380	-0.00210	0.02081	0.10916
welleri_IGG_FFS	welleri	IGG	FFS	40	283	283	43	15.19435	2.71731	0.54392	0.04384	0.94788	0.01710	0.00777	0.07597	0.05459	0.01389	0.92403	0.05459	0.01389	0.06473	0.02434	0.00927	0.93527	0.02434	0.00927	0.07927	0.03724	0.01147	0.00913	0.06067	0.04384
cinereus_IGG_FFS	cinereus	IGG	FFS	5	277	277	72	25.99278	7.40433	5.19100	0.13689	0.93129	0.01977	0.00845	0.13340	0.07622	0.01659	0.86660	0.07622	0.01659	0.08858	0.02796	0.01005	0.91142	0.02796	0.01005	0.09631	0.03335	0.01097	-0.07370	0.04460	0.13689
cylindraceus_IGG_Fresh	cylindraceus	IGG	Fresh	0	308	308	57	18.50649	2.75000	0.22068	0.02677	0.93885	0.02018	0.00809	0.11580	0.07793	0.01591	0.88420	0.07793	0.01591	0.07459	0.02630	0.00924	0.92541	0.02630	0.00924	0.09221	0.04115	0.01156	-0.03842	0.03507	0.02677
cinereus_SG_FFS	cinereus	SG	FFS	3	283	283	25	8.83392	2.74558	2.11235	0.08640	0.97091	0.01040	0.00606	0.05819	0.04161	0.01213	0.94181	0.04161	0.01213	0.03576	0.01416	0.00707	0.96424	0.01416	0.00707	0.04721	0.02770	0.00989	-0.02081	0.01090	0.08640
cylindraceus_IGG_FFS	cylindraceus	IGG	FFS	1	264	264	40	15.15152	3.03030	1.20820	0.06765	0.95186	0.01606	0.00780	0.09375	0.06302	0.01545	0.90625	0.06302	0.01545	0.05965	0.02183	0.00909	0.94035	0.02183	0.00909	0.07523	0.03749	0.01192	-0.03302	0.02284	0.06765
montanus_SG_Fresh	montanus	SG	Fresh	2	308	308	76	24.67532	2.99351	0.00647	0.00458	0.91964	0.02494	0.00900	0.15422	0.09747	0.01779	0.84578	0.09747	0.01779	0.09808	0.03192	0.01018	0.90192	0.03192	0.01018	0.11807	0.04630	0.01226	-0.06034	0.04763	0.00458
yonahlossee_SG_FFS	yonahlossee	SG	FFS	0	308	308	54	17.53247	1.11364	0.10105	0.01811	0.91721	0.03343	0.01042	0.16558	0.13373	0.02084	0.83442	0.13373	0.02084	0.08523	0.03455	0.01059	0.91477	0.03455	0.01059	0.16558	0.13373	0.02084	0.00000	0.00000	0.01811
montanus_IGG_Fresh	montanus	IGG	Fresh	0	308	308	68	22.07792	5.39286	0.44777	0.03813	0.92330	0.02589	0.00917	0.14951	0.10005	0.01802	0.85049	0.10005	0.01802	0.09003	0.03230	0.01024	0.90997	0.03230	0.01024	0.09904	0.03914	0.01127	-0.09471	0.05676	0.03813
yonahlossee_IGG_FFS	yonahlossee	IGG	FFS	0	308	308	74	24.02597	3.33117	0.22873	0.02725	0.91464	0.02751	0.00945	0.17073	0.11003	0.01890	0.82927	0.11003	0.01890	0.10131	0.03477	0.01063	0.89869	0.03477	0.01063	0.11998	0.04881	0.01259	-0.08831	0.04303	0.02725
yonahlossee_IGG_Blood	yonahlossee	IGG	Blood	2	308	308	78	25.32468	4.74351	0.21738	0.02657	0.92005	0.02464	0.00894	0.15990	0.09856	0.01789	0.84010	0.09856	0.01789	0.09800	0.03247	0.01027	0.90200	0.03247	0.01027	0.10918	0.04028	0.01144	-0.09535	0.04995	0.02657
glutinosus_SG_Blood	glutinosus	SG	Blood	1	308	308	100	32.46753	5.74351	0.69295	0.04743	0.90870	0.02419	0.00886	0.16117	0.08212	0.01633	0.83883	0.08212	0.01633	0.11770	0.03370	0.01046	0.88230	0.03370	0.01046	0.12880	0.04036	0.01145	-0.06232	0.06494	0.04743
montanus_SG_FFS	montanus	SG	FFS	0	191	191	35	18.32461	1.82723	0.94368	0.07029	0.93717	0.02074	0.01042	0.12565	0.08296	0.02084	0.87435	0.08296	0.02084	0.07650	0.02752	0.01200	0.92350	0.02752	0.01200	0.11842	0.07582	0.01992	-0.01370	0.00413	0.07029
montanus_IGG_FFS	montanus	IGG	FFS	0	277	277	54	19.49458	1.71119	0.20614	0.02728	0.92690	0.02521	0.00954	0.14260	0.09825	0.01883	0.85740	0.09825	0.01883	0.08529	0.03091	0.01056	0.91471	0.03091	0.01056	0.12214	0.06705	0.01556	-0.03069	0.01989	0.02728
cinereus_IGG_Blood	cinereus	IGG	Blood	3	294	294	42	14.28571	1.78912	0.16698	0.02383	0.94133	0.02278	0.00880	0.11395	0.08851	0.01735	0.88605	0.08851	0.01735	0.06505	0.02599	0.00940	0.93495	0.02599	0.00940	0.09127	0.05298	0.01342	-0.03401	0.02102	0.02383
yonahlossee_SG_Fresh	yonahlossee	SG	Fresh	1	308	308	65	21.10390	1.43506	0.24658	0.02829	0.91558	0.02990	0.00985	0.16883	0.11961	0.01971	0.83117	0.11961	0.01971	0.09497	0.03462	0.01060	0.90503	0.03462	0.01060	0.15584	0.10213	0.01821	-0.01948	0.00939	0.02829
yonahlossee_IGG_Fresh	yonahlossee	IGG	Fresh	0	308	306	70	22.72727	2.00000	0.00000	0.00000	0.90179	0.03572	0.01077	0.19643	0.14289	0.02154	0.80357	0.14289	0.02154	0.10593	0.03898	0.01125	0.89407	0.03898	0.01125	0.14123	0.06929	0.01500	-0.08279	0.03465	0.00000
glutinosus_SG_Fresh	glutinosus	SG	Fresh	4	308	306	86	27.92208	2.00000	0.00000	0.00000	0.89529	0.03277	0.01031	0.20292	0.12726	0.02033	0.79708	0.12726	0.02033	0.12216	0.03974	0.01136	0.87784	0.03974	0.01136	0.16288	0.07065	0.01515	-0.06006	0.03628	0.00000
yonahlossee_SG_Blood	yonahlossee	SG	Blood	1	308	306	68	22.07792	1.90260	0.08820	0.01692	0.91477	0.02915	0.00973	0.17045	0.11662	0.01946	0.82955	0.11662	0.01946	0.09781	0.03473	0.01062	0.90219	0.03473	0.01062	0.13041	0.06175	0.01416	-0.06006	0.02651	0.01692
cylindraceus_IGG_Blood	cylindraceus	IGG	Blood	0	308	306	46	14.93506	1.40909	0.24252	0.02806	0.93344	0.02691	0.00935	0.13312	0.10763	0.01869	0.86688	0.10763	0.01869	0.07062	0.02889	0.00969	0.92938	0.02889	0.00969	0.11688	0.08456	0.01657	-0.02435	0.01162	0.02806
glutinosus_SG_FFS	glutinosus	SG	FFS	0	135	134	11	8.14815	1.48889	0.50547	0.06119	0.97407	0.00886	0.00810	0.05185	0.03543	0.01620	0.94815	0.03543	0.01620	0.03292	0.01280	0.00974	0.96708	0.01280	0.00974	0.04670	0.02853	0.01454	-0.00926	0.00504	0.06119
welleri_IGG_FFS	welleri	IGG	FFS	40	286	284	53	18.53147	4.50350	0.98771	0.05877	0.94921	0.01476	0.00719	0.08479	0.04985	0.01320	0.91521	0.04985	0.01320	0.06699	0.02247	0.00886	0.93301	0.02247	0.00886	0.07503	0.02820	0.00993	-0.01371	0.04232	0.05877
cinereus_IGG_FFS	cinereus	IGG	FFS	6	259	258	58	22.39382	3.43243	0.98282	0.06160	0.93887	0.01692	0.00808	0.12033	0.06718	0.01611	0.87967	0.06718	0.01611	0.08108	0.02541	0.00990	0.91892	0.02541	0.00990	0.09651	0.03611	0.01181	-0.04228	0.02876	0.06160
cylindraceus_IGG_Fresh	cylindraceus	IGG	Fresh	0	301	299	38	12.62458	1.77409	0.17546	0.02414	0.95432	0.01645	0.00739	0.08804	0.06306	0.01447	0.91196	0.06306	0.01447	0.05440	0.02104	0.00836	0.94560	0.02104	0.00836	0.07364	0.03910	0.01140	-0.02159	0.01537	0.02414
cinereus_SG_FFS	cinereus	SG	FFS	5	283	281	25	8.83392	2.81272	2.31587	0.09046	0.97306	0.00926	0.00572	0.05389	0.03703	0.01144	0.94611	0.03703	0.01144	0.03399	0.01295	0.00676	0.96601	0.01295	0.00676	0.04502	0.02607	0.00960	-0.01742	0.00869	0.09046
cylindraceus_IGG_FFS	cylindraceus	IGG	FFS	0	280	278	34	12.14286	1.86429	0.11772	0.02050	0.95268	0.01814	0.00805	0.09107	0.06963	0.01577	0.90893	0.06963	0.01577	0.05402	0.02166	0.00879	0.94598	0.02166	0.00879	0.07440	0.04213	0.01227	-0.02500	0.01729	0.02050
montanus_SG_Fresh	montanus	SG	Fresh	0	308	306	70	22.72727	5.99351	0.00647	0.00458	0.92760	0.02376	0.00878	0.14026	0.09350	0.01742	0.85974	0.09350	0.01742	0.08695	0.02941	0.00977	0.91305	0.02941	0.00977	0.09492	0.03505	0.01067	-0.08398	0.06660	0.00458
yonahlossee_SG_FFS	yonahlossee	SG	FFS	0	308	306	48	15.58442	1.42857	0.77338	0.05011	0.92695	0.03027	0.00991	0.14610	0.12109	0.01983	0.85390	0.12109	0.01983	0.07508	0.03121	0.01007	0.92492	0.03121	0.01007	0.13995	0.11327	0.01918	-0.01017	0.00546	0.05011
montanus_IGG_Fresh	montanus	IGG	Fresh	3	308	306	53	17.20779	2.00000	0.00000	0.00000	0.92451	0.02950	0.00979	0.15097	0.11801	0.01957	0.84903	0.11801	0.01957	0.08076	0.03198	0.01019	0.91924	0.03198	0.01019	0.10768	0.05686	0.01359	-0.06494	0.02834	0.00000
yonahlossee_IGG_FFS	yonahlossee	IGG	FFS	0	308	306	71	23.05195	4.67857	0.94195	0.05530	0.92838	0.02161	0.00838	0.14085	0.08480	0.01659	0.85915	0.08480	0.01659	0.08989	0.02994	0.00986	0.91011	0.02994	0.00986	0.10079	0.03760	0.01105	-0.07483	0.04195	0.05530
yonahlossee_IGG_Blood	yonahlossee	IGG	Blood	2	308	306	83	26.94805	6.62013	0.34057	0.03325	0.91419	0.02567	0.00913	0.16976	0.10118	0.01812	0.83024	0.10118	0.01812	0.10572	0.03473	0.01062	0.89428	0.03473	0.01062	0.11409	0.04044	0.01146	-0.10985	0.05857	0.03325
glutinosus_SG_Blood	glutinosus	SG	Blood	1	290	288	48	16.55172	1.28621	0.20500	0.02659	0.92500	0.03004	0.01018	0.14310	0.11526	0.01994	0.85690	0.11526	0.01994	0.07888	0.03187	0.01048	0.92112	0.03187	0.01048	0.13966	0.10586	0.01911	-0.00517	0.01295	0.02659
montanus_SG_FFS	montanus	SG	FFS	0	299	297	50	16.72241	3.94983	4.61828	0.12428	0.95989	0.01154	0.00621	0.07687	0.04483	0.01224	0.92313	0.04483	0.01224	0.05399	0.01786	0.00773	0.94601	0.01786	0.00773	0.06354	0.02704	0.00951	-0.02336	0.02114	0.12428
montanus_IGG_FFS	montanus	IGG	FFS	0	247	245	46	18.62348	3.21457	2.67328	0.10403	0.94575	0.01701	0.00830	0.10175	0.06359	0.01605	0.89825	0.06359	0.01605	0.06873	0.02320	0.00969	0.93127	0.02320	0.00969	0.07983	0.03252	0.01147	-0.04322	0.03821	0.10403
cinereus_IGG_Blood	cinereus	IGG	Blood	4	258	257	47	18.21705	2.00388	0.77430	0.05478	0.93152	0.02485	0.00981	0.12274	0.09231	0.01892	0.87726	0.09231	0.01892	0.07806	0.02905	0.01061	0.92194	0.02905	0.01061	0.11059	0.06443	0.01580	-0.01744	0.03925	0.05478
yonahlossee_SG_Fresh	yonahlossee	SG	Fresh	1	308	306	61	19.80519	1.43506	0.24658	0.02829	0.92127	0.02819	0.00957	0.14448	0.10365	0.01834	0.85552	0.10365	0.01834	0.08888	0.03284	0.01033	0.91112	0.03284	0.01033	0.14015	0.08896	0.01700	-0.00649	0.02276	0.02829
yonahlossee_IGG_Fresh	yonahlossee	IGG	Fresh	0	308	305	76	24.67532	3.42857	0.25872	0.02898	0.91815	0.02524	0.00905	0.16044	0.09956	0.01798	0.83956	0.09956	0.01798	0.09998	0.03312	0.01037	0.90002	0.03312	0.01037	0.11675	0.04532	0.01213	-0.07689	0.04443	0.02898
glutinosus_SG_Fresh	glutinosus	SG	Fresh	0	308	305	86	27.92208	2.00000	0.00000	0.00000	0.89529	0.03277	0.01031	0.20292	0.12726	0.02033	0.79708	0.12726	0.02033	0.12216	0.03974	0.01136	0.87784	0.03974	0.01136	0.16288	0.07065	0.01515	-0.06006	0.03628	0.00000
yonahlossee_SG_Blood	yonahlossee	SG	Blood	0	308	305	71	23.05195	2.96753	0.03803	0.01111	0.91937	0.02578	0.00915	0.15693	0.09871	0.01790	0.84307	0.09871	0.01790	0.09686	0.03326	0.01039	0.90314	0.03326	0.01039	0.11645	0.04813	0.01250	-0.06962	0.03583	0.01111
cylindraceus_IGG_Blood	cylindraceus	IGG	Blood	0	308	305	46	14.93506	1.40909	0.24252	0.02806	0.93344	0.02691	0.00935	0.13312	0.10763	0.01869	0.86688	0.10763	0.01869	0.07062	0.02889	0.00969	0.92938	0.02889	0.00969	0.11688	0.08456	0.01657	-0.02435	0.01162	0.02806
glutinosus_SG_FFS	glutinosus	SG	FFS	0	164	164	23	14.02439	1.73780	0.58727	0.05984	0.94970	0.01846	0.01061	0.07012	0.04430	0.01644	0.92988	0.04430	0.01644	0.05886	0.02249	0.01171	0.94114	0.02249	0.01171	0.08110	0.04610	0.01677	0.01626	0.02680	0.05984
welleri_IGG_FFS	welleri	IGG	FFS	39	286	284	58	20.27972	6.20979	2.58040	0.09499	0.95249	0.01281	0.00669	0.08270	0.04682	0.01279	0.91730	0.04682	0.01279	0.06498	0.02010	0.00838	0.93502	0.02010	0.00838	0.07059	0.02373	0.00911	-0.01563	0.04609	0.09499
cinereus_IGG_FFS	cinereus	IGG	FFS	4	270	270	57	21.11111	4.07037	1.89466	0.08377	0.93756	0.01846	0.00827	0.12191	0.07218	0.01635	0.87809	0.07218	0.01635	0.08030	0.02663	0.00993	0.91970	0.02663	0.00993	0.09986	0.04589	0.01304	-0.04309	0.02621	0.08377
cylindraceus_IGG_Fresh	cylindraceus	IGG	Fresh	0	308	305	47	15.25974	1.96753	0.03152	0.01012	0.94156	0.02141	0.00834	0.11364	0.08314	0.01643	0.88636	0.08314	0.01643	0.06737	0.02588	0.00917	0.93263	0.02588	0.00917	0.09091	0.04763	0.01244	-0.03409	0.02082	0.01012
cinereus_SG_FFS	cinereus	SG	FFS	4	270	269	43	15.92593	3.41852	2.45244	0.09531	0.94256	0.02097	0.00881	0.11488	0.08389	0.01763	0.88512	0.08389	0.01763	0.06649	0.02510	0.00964	0.93351	0.02510	0.00964	0.10126	0.06751	0.01581	-0.02514	0.01235	0.09531
cylindraceus_IGG_FFS	cylindraceus	IGG	FFS	0	284	281	41	14.43662	2.24296	0.61567	0.04656	0.94924	0.01781	0.00792	0.09566	0.06728	0.01539	0.90434	0.06728	0.01539	0.06089	0.02305	0.00901	0.93911	0.02305	0.00901	0.08204	0.04518	0.01261	-0.02318	0.02285	0.04656
montanus_SG_Fresh	montanus	SG	Fresh	0	308	305	72	23.37662	5.99351	0.00647	0.00458	0.92624	0.02408	0.00884	0.13972	0.09247	0.01733	0.86028	0.09247	0.01733	0.08862	0.02999	0.00987	0.91138	0.02999	0.00987	0.09674	0.03574	0.01077	-0.08166	0.06706	0.00458
yonahlossee_SG_FFS	yonahlossee	SG	FFS	1	308	305	62	20.12987	2.42532	0.87063	0.05317	0.92219	0.02715	0.00939	0.15238	0.10636	0.01858	0.84762	0.10636	0.01858	0.08939	0.03280	0.01032	0.91061	0.03280	0.01032	0.11556	0.05522	0.01339	-0.05836	0.03040	0.05317
montanus_IGG_Fresh	montanus	IGG	Fresh	0	308	305	66	21.42857	6.39286	0.44777	0.03813	0.92321	0.02626	0.00923	0.14924	0.10166	0.01817	0.85076	0.10166	0.01817	0.08943	0.03276	0.01031	0.91057	0.03276	0.01031	0.09686	0.03846	0.01117	-0.09968	0.06357	0.03813
yonahlossee_IGG_FFS	yonahlossee	IGG	FFS	1	308	305	74	24.02597	2.99675	0.00325	0.00325	0.91234	0.02884	0.00968	0.17532	0.11538	0.01935	0.82468	0.11538	0.01935	0.10245	0.03527	0.01070	0.89755	0.03527	0.01070	0.12294	0.05079	0.01284	-0.08929	0.04426	0.00325
yonahlossee_IGG_Blood	yonahlossee	IGG	Blood	0	308	305	63	20.45455	1.99026	0.00968	0.00561	0.92289	0.02640	0.00926	0.15097	0.10335	0.01832	0.84903	0.10335	0.01832	0.08969	0.03219	0.01022	0.91031	0.03219	0.01022	0.11959	0.05722	0.01363	-0.04708	0.02628	0.00561
glutinosus_SG_Blood	glutinosus	SG	Blood	1	308	305	102	33.11688	6.17208	0.33837	0.03315	0.90829	0.02476	0.00897	0.16217	0.08206	0.01632	0.83783	0.08206	0.01632	0.11724	0.03349	0.01043	0.88276	0.03349	0.01043	0.12756	0.03965	0.01135	-0.06651	0.06057	0.03315
montanus_SG_FFS	montanus	SG	FFS	0	245	242	32	13.06122	2.28980	1.15748	0.06873	0.95935	0.01312	0.00732	0.07721	0.04903	0.01415	0.92279	0.04903	0.01415	0.05186	0.01899	0.00880	0.94814	0.01899	0.00880	0.06697	0.03374	0.01174	-0.01891	0.01433	0.06873
montanus_IGG_FFS	montanus	IGG	FFS	0	280	278	62	22.14286	3.73571	3.80804	0.11662	0.93607	0.01905	0.00825	0.12369	0.07478	0.01634	0.87631	0.07478	0.01634	0.08171	0.02646	0.00972	0.91829	0.02646	0.00972	0.09870	0.04260	0.01233	-0.04871	0.03872	0.11662
cinereus_IGG_Blood	cinereus	IGG	Blood	2	295	294	50	16.94915	2.22034	0.58054	0.04436	0.93588	0.02339	0.00890	0.11695	0.08879	0.01735	0.88305	0.08879	0.01735	0.07340	0.02777	0.00970	0.92660	0.02777	0.00970	0.09774	0.05201	0.01328	-0.02768	0.04043	0.04436
yonahlossee_SG_Fresh	yonahlossee	SG	Fresh	0	308	305	67	21.75325	2.00000	0.00000	0.00000	0.90584	0.03467	0.01061	0.18831	0.13869	0.02122	0.81169	0.13869	0.02122	0.10146	0.03782	0.01108	0.89854	0.03782	0.01108	0.13528	0.06723	0.01477	-0.07955	0.03355	0.00000
yonahlossee_IGG_Fresh	yonahlossee	IGG	Fresh	0	308	305	64	20.77922	2.43506	0.24658	0.02829	0.91477	0.03069	0.00998	0.16396	0.11771	0.01955	0.83604	0.11771	0.01955	0.09474	0.03537	0.01072	0.90526	0.03537	0.01072	0.12024	0.05756	0.01367	-0.06881	0.03723	0.02829
glutinosus_SG_Fresh	glutinosus	SG	Fresh	0	308	305	86	27.92208	2.00000	0.00000	0.00000	0.89529	0.03277	0.01031	0.20292	0.12726	0.02033	0.79708	0.12726	0.02033	0.12216	0.03974	0.01136	0.87784	0.03974	0.01136	0.16288	0.07065	0.01515	-0.06006	0.03628	0.00000
yonahlossee_SG_Blood	yonahlossee	SG	Blood	1	308	305	74	24.02597	2.89610	0.09992	0.01801	0.91044	0.02962	0.00981	0.17911	0.11847	0.01961	0.82089	0.11847	0.01961	0.10403	0.03611	0.01083	0.89597	0.03611	0.01083	0.12500	0.05211	0.01301	-0.09226	0.04536	0.01801
cylindraceus_IGG_Blood	cylindraceus	IGG	Blood	0	308	305	46	14.93506	1.40909	0.24252	0.02806	0.93344	0.02691	0.00935	0.13312	0.10763	0.01869	0.86688	0.10763	0.01869	0.07062	0.02889	0.00969	0.92938	0.02889	0.00969	0.11688	0.08456	0.01657	-0.02435	0.01162	0.02806
glutinosus_SG_FFS	glutinosus	SG	FFS	0	175	175	17	9.71429	2.15429	1.53353	0.09361	0.97043	0.01009	0.00759	0.05248	0.03171	0.01346	0.94752	0.03171	0.01346	0.03732	0.01423	0.00902	0.96268	0.01423	0.00902	0.04631	0.02331	0.01154	-0.01213	0.00868	0.09361
welleri_IGG_FFS	welleri	IGG	FFS	38	269	268	52	19.33086	4.62825	0.87621	0.05707	0.95112	0.01354	0.00709	0.07918	0.04962	0.01358	0.92082	0.04962	0.01358	0.06601	0.02068	0.00877	0.93399	0.02068	0.00877	0.07401	0.02605	0.00984	0.00343	0.06959	0.05707
cinereus_IGG_FFS	cinereus	IGG	FFS	6	276	273	71	25.72464	6.64855	4.43967	0.12683	0.93402	0.01843	0.00817	0.12925	0.07240	0.01620	0.87075	0.07240	0.01620	0.08652	0.02658	0.00981	0.91348	0.02658	0.00981	0.09593	0.03330	0.01098	-0.06423	0.03924	0.12683
cylindraceus_IGG_Fresh	cylindraceus	IGG	Fresh	0	308	305	44	14.28571	1.76623	0.17970	0.02415	0.94643	0.01951	0.00796	0.10714	0.07806	0.01592	0.89286	0.07806	0.01592	0.06250	0.02407	0.00884	0.93750	0.02407	0.00884	0.09091	0.05414	0.01326	-0.02435	0.01162	0.02415
cinereus_SG_FFS	cinereus	SG	FFS	3	283	280	25	8.83392	1.99293	0.77300	0.05226	0.96761	0.01254	0.00666	0.06478	0.05016	0.01331	0.93522	0.05016	0.01331	0.03769	0.01538	0.00737	0.96231	0.01538	0.00737	0.05442	0.03552	0.01120	-0.01767	0.01003	0.05226
cylindraceus_IGG_FFS	cylindraceus	IGG	FFS	0	281	278	46	16.37011	3.04270	1.10531	0.06272	0.95107	0.01565	0.00746	0.09312	0.06035	0.01465	0.90688	0.06035	0.01465	0.06188	0.02162	0.00877	0.93812	0.02162	0.00877	0.07599	0.03466	0.01111	-0.03025	0.02664	0.06272
montanus_SG_Fresh	montanus	SG	Fresh	0	308	305	73	23.70130	5.99351	0.00647	0.00458	0.92684	0.02399	0.00882	0.14091	0.09352	0.01743	0.85909	0.09352	0.01743	0.08780	0.02959	0.00980	0.91220	0.02959	0.00980	0.09583	0.03525	0.01070	-0.08534	0.06516	0.00458
yonahlossee_SG_FFS	yonahlossee	SG	FFS	0	308	305	49	15.90909	1.58766	1.42877	0.06811	0.93239	0.02677	0.00932	0.13523	0.10708	0.01865	0.86477	0.10708	0.01865	0.07272	0.02911	0.00972	0.92728	0.02911	0.00972	0.12864	0.09883	0.01791	-0.01126	0.00571	0.06811
montanus_IGG_Fresh	montanus	IGG	Fresh	0	308	305	68	22.07792	6.39286	0.44777	0.03813	0.92182	0.02677	0.00932	0.15311	0.10411	0.01839	0.84689	0.10411	0.01839	0.09076	0.03313	0.01037	0.90924	0.03313	0.01037	0.09832	0.03891	0.01124	-0.10421	0.06269	0.03813
yonahlossee_IGG_FFS	yonahlossee	IGG	FFS	0	308	305	78	25.32468	5.31169	0.52143	0.04115	0.92210	0.02394	0.00882	0.15363	0.09463	0.01753	0.84637	0.09463	0.01753	0.09593	0.03167	0.01014	0.90407	0.03167	0.01014	0.10565	0.03842	0.01117	-0.09080	0.05201	0.04115
yonahlossee_IGG_Blood	yonahlossee	IGG	Blood	0	308	305	64	20.77922	1.99026	0.00968	0.00561	0.91640	0.02984	0.00984	0.16396	0.11717	0.01950	0.83604	0.11717	0.01950	0.09375	0.03439	0.01057	0.90625	0.03439	0.01057	0.12500	0.06114	0.01409	-0.05844	0.03078	0.00561
glutinosus_SG_Blood	glutinosus	SG	Blood	1	308	305	98	31.81818	4.80195	0.60886	0.04446	0.90479	0.02681	0.00933	0.17711	0.09747	0.01779	0.82289	0.09747	0.01779	0.11884	0.03568	0.01076	0.88116	0.03568	0.01076	0.13282	0.04466	0.01204	-0.08315	0.05662	0.04446
montanus_SG_FFS	montanus	SG	FFS	0	299	297	46	15.38462	3.76254	3.79242	0.11262	0.95962	0.01240	0.00644	0.07720	0.04780	0.01264	0.92280	0.04780	0.01264	0.05279	0.01833	0.00783	0.94721	0.01833	0.00783	0.06276	0.02810	0.00969	-0.02460	0.02192	0.11262
montanus_IGG_FFS	montanus	IGG	FFS	0	280	277	62	22.14286	3.99286	5.00353	0.13368	0.93609	0.01933	0.00831	0.12247	0.07459	0.01632	0.87753	0.07459	0.01632	0.08113	0.02639	0.00971	0.91887	0.02639	0.00971	0.09741	0.04206	0.01226	-0.04943	0.04098	0.13368
cinereus_IGG_Blood	cinereus	IGG	Blood	3	249	247	38	15.26104	1.44578	0.24806	0.03156	0.94378	0.02001	0.00896	0.10843	0.07690	0.01757	0.89157	0.07690	0.01757	0.06627	0.02508	0.01004	0.93373	0.02508	0.01004	0.10040	0.06246	0.01584	-0.01205	0.01195	0.03156
yonahlossee_SG_Fresh	yonahlossee	SG	Fresh	1	308	305	61	19.80519	1.43506	0.24658	0.02829	0.92127	0.02819	0.00957	0.14448	0.10365	0.01834	0.85552	0.10365	0.01834	0.08888	0.03284	0.01033	0.91112	0.03284	0.01033	0.14015	0.08896	0.01700	-0.00649	0.02276	0.02829
yonahlossee_IGG_Fresh	yonahlossee	IGG	Fresh	0	308	305	54	17.53247	1.43506	0.24658	0.02829	0.93182	0.02465	0.00895	0.13312	0.09623	0.01768	0.86688	0.09623	0.01768	0.07792	0.02933	0.00976	0.92208	0.02933	0.00976	0.12554	0.08336	0.01645	-0.01136	0.01046	0.02829
glutinosus_SG_Fresh	glutinosus	SG	Fresh	0	308	305	77	25.00000	2.00000	0.00000	0.00000	0.89529	0.03644	0.01088	0.20617	0.14384	0.02161	0.79383	0.14384	0.02161	0.11485	0.04056	0.01148	0.88515	0.04056	0.01148	0.15314	0.07211	0.01530	-0.07955	0.03844	0.00000
yonahlossee_SG_Blood	yonahlossee	SG	Blood	3	308	305	74	24.02597	2.89610	0.09992	0.01801	0.91044	0.02962	0.00981	0.17911	0.11847	0.01961	0.82089	0.11847	0.01961	0.10403	0.03611	0.01083	0.89597	0.03611	0.01083	0.12500	0.05211	0.01301	-0.09226	0.04536	0.01801
cylindraceus_IGG_Blood	cylindraceus	IGG	Blood	0	308	305	46	14.93506	1.40909	0.24252	0.02806	0.93344	0.02691	0.00935	0.13312	0.10763	0.01869	0.86688	0.10763	0.01869	0.07062	0.02889	0.00969	0.92938	0.02889	0.00969	0.11688	0.08456	0.01657	-0.02435	0.01162	0.02806
glutinosus_SG_FFS	glutinosus	SG	FFS	0	192	191	25	13.02083	2.60938	2.54295	0.11508	0.96059	0.01359	0.00841	0.06892	0.04417	0.01517	0.93108	0.04417	0.01517	0.04867	0.01814	0.00972	0.95133	0.01814	0.00972	0.06261	0.03388	0.01328	-0.01373	0.01637	0.11508
welleri_IGG_FFS	welleri	IGG	FFS	40	286	284	54	18.88112	5.38462	1.74629	0.07814	0.95259	0.01333	0.00683	0.08083	0.04720	0.01285	0.91917	0.04720	0.01285	0.06376	0.02053	0.00847	0.93624	0.02053	0.00847	0.07017	0.02486	0.00932	-0.01356	0.04471	0.07814
cinereus_IGG_FFS	cinereus	IGG	FFS	5	240	239	45	18.75000	1.78333	0.17043	0.02665	0.92396	0.02793	0.01079	0.15208	0.11171	0.02157	0.84792	0.11171	0.02157	0.08490	0.03205	0.01156	0.91510	0.03205	0.01156	0.12569	0.07491	0.01767	-0.03958	0.01830	0.02665
cylindraceus_IGG_Fresh	cylindraceus	IGG	Fresh	0	301	298	38	12.62458	1.77409	0.17546	0.02414	0.95432	0.01645	0.00739	0.08804	0.06306	0.01447	0.91196	0.06306	0.01447	0.05440	0.02104	0.00836	0.94560	0.02104	0.00836	0.07364	0.03910	0.01140	-0.02159	0.01537	0.02414
cinereus_SG_FFS	cinereus	SG	FFS	10	283	281	26	9.18728	2.79505	3.06423	0.10406	0.97164	0.00997	0.00594	0.05671	0.03988	0.01187	0.94329	0.03988	0.01187	0.03524	0.01349	0.00691	0.96476	0.01349	0.00691	0.04765	0.02874	0.01008	-0.01800	0.00954	0.10406
cylindraceus_IGG_FFS	cylindraceus	IGG	FFS	0	229	226	28	12.22707	1.57205	0.24588	0.03277	0.94978	0.01995	0.00933	0.09607	0.07626	0.01825	0.90393	0.07626	0.01825	0.05568	0.02279	0.00998	0.94432	0.02279	0.00998	0.08297	0.05376	0.01532	-0.01965	0.01606	0.03277
montanus_SG_Fresh	montanus	SG	Fresh	1	308	305	58	18.83117	3.99351	0.00647	0.00458	0.93304	0.02354	0.00874	0.13068	0.09341	0.01742	0.86932	0.09341	0.01742	0.07802	0.02846	0.00961	0.92198	0.02846	0.00961	0.08926	0.03727	0.01100	-0.07289	0.05360	0.00458
yonahlossee_SG_FFS	yonahlossee	SG	FFS	0	58	58	5	8.62069	1.37931	0.23956	0.06427	0.96121	0.01711	0.01718	0.07759	0.06844	0.03435	0.92241	0.06844	0.03435	0.04095	0.01830	0.01777	0.95905	0.01830	0.01777	0.07759	0.06844	0.03435	0.00000	0.00000	0.06427
montanus_IGG_Fresh	montanus	IGG	Fresh	8	308	305	53	17.20779	2.00000	0.00000	0.00000	0.91964	0.03241	0.01026	0.16071	0.12962	0.02051	0.83929	0.12962	0.02051	0.08320	0.03372	0.01046	0.91680	0.03372	0.01046	0.11093	0.05995	0.01395	-0.07468	0.03186	0.00000
yonahlossee_IGG_FFS	yonahlossee	IGG	FFS	0	307	304	48	15.63518	1.44951	0.24826	0.02844	0.93811	0.02312	0.00868	0.12378	0.09247	0.01736	0.87622	0.09247	0.01736	0.07003	0.02715	0.00940	0.92997	0.02715	0.00940	0.11835	0.08471	0.01661	-0.00814	0.00402	0.02844
yonahlossee_IGG_Blood	yonahlossee	IGG	Blood	2	308	305	83	26.94805	6.62013	0.34057	0.03325	0.91531	0.02524	0.00905	0.16752	0.09893	0.01792	0.83248	0.09893	0.01792	0.10471	0.03438	0.01056	0.89529	0.03438	0.01056	0.11301	0.04004	0.01140	-0.10763	0.05517	0.03325
glutinosus_SG_Blood	glutinosus	SG	Blood	1	308	305	97	31.49351	4.74351	0.69295	0.04743	0.90714	0.02529	0.00906	0.16623	0.08793	0.01690	0.83377	0.08793	0.01690	0.11806	0.03474	0.01062	0.88194	0.03474	0.01062	0.13192	0.04342	0.01187	-0.06773	0.06060	0.04743
montanus_SG_FFS	montanus	SG	FFS	1	230	228	41	17.82609	2.17391	0.87792	0.06178	0.94891	0.01459	0.00796	0.09783	0.05486	0.01544	0.90217	0.05486	0.01544	0.06790	0.02253	0.00990	0.93210	0.02253	0.00990	0.09014	0.04302	0.01368	-0.01406	0.01166	0.06178
montanus_IGG_FFS	montanus	IGG	FFS	1	166	165	32	19.27711	1.70482	0.20931	0.03551	0.92620	0.02596	0.01251	0.14157	0.09953	0.02449	0.85843	0.09953	0.02449	0.08509	0.03126	0.01372	0.91491	0.03126	0.01372	0.11345	0.05557	0.01830	-0.04217	0.02851	0.03551
cinereus_IGG_Blood	cinereus	IGG	Blood	7	249	247	38	15.26104	1.44578	0.24806	0.03156	0.94378	0.02001	0.00896	0.10843	0.07690	0.01757	0.89157	0.07690	0.01757	0.06627	0.02508	0.01004	0.93373	0.02508	0.01004	0.10040	0.06246	0.01584	-0.01205	0.01195	0.03156
yonahlossee_SG_Fresh	yonahlossee	SG	Fresh	0	308	305	65	21.10390	1.43506	0.24658	0.02829	0.91558	0.02990	0.00985	0.16883	0.11961	0.01971	0.83117	0.11961	0.01971	0.09497	0.03462	0.01060	0.90503	0.03462	0.01060	0.15584	0.10213	0.01821	-0.01948	0.00939	0.02829
yonahlossee_IGG_Fresh	yonahlossee	IGG	Fresh	2	306	305	60	19.60784	1.43137	0.24609	0.02836	0.92402	0.02679	0.00936	0.14216	0.10022	0.01810	0.85784	0.10022	0.01810	0.08701	0.03190	0.01021	0.91299	0.03190	0.01021	0.14434	0.09668	0.01777	0.00327	0.01310	0.02836
glutinosus_SG_Fresh	glutinosus	SG	Fresh	0	308	307	77	25.00000	2.00000	0.00000	0.00000	0.89529	0.03644	0.01088	0.20617	0.14384	0.02161	0.79383	0.14384	0.02161	0.11485	0.04056	0.01148	0.88515	0.04056	0.01148	0.15314	0.07211	0.01530	-0.07955	0.03844	0.00000
yonahlossee_SG_Blood	yonahlossee	SG	Blood	0	308	307	68	22.07792	1.90260	0.08820	0.01692	0.91477	0.02915	0.00973	0.17045	0.11662	0.01946	0.82955	0.11662	0.01946	0.09781	0.03473	0.01062	0.90219	0.03473	0.01062	0.13041	0.06175	0.01416	-0.06006	0.02651	0.01692
cylindraceus_IGG_Blood	cylindraceus	IGG	Blood	0	308	307	46	14.93506	1.40909	0.24252	0.02806	0.93344	0.02691	0.00935	0.13312	0.10763	0.01869	0.86688	0.10763	0.01869	0.07062	0.02889	0.00969	0.92938	0.02889	0.00969	0.11688	0.08456	0.01657	-0.02435	0.01162	0.02806
glutinosus_SG_FFS	glutinosus	SG	FFS	0	160	160	22	13.75000	1.92500	0.71132	0.06668	0.95443	0.01661	0.01019	0.09115	0.06646	0.02038	0.90885	0.06646	0.02038	0.05397	0.01999	0.01118	0.94603	0.01999	0.01118	0.07323	0.04077	0.01596	-0.02969	0.01785	0.06668
welleri_IGG_FFS	welleri	IGG	FFS	41	273	273	35	12.82051	2.78022	0.43681	0.04000	0.96032	0.01297	0.00689	0.07937	0.05189	0.01379	0.92063	0.05189	0.01379	0.05037	0.01844	0.00822	0.94963	0.01844	0.00822	0.06081	0.02685	0.00992	-0.03205	0.01620	0.04000
cinereus_IGG_FFS	cinereus	IGG	FFS	2	268	268	69	25.74627	5.81716	3.33349	0.11153	0.93362	0.01861	0.00833	0.12939	0.07204	0.01639	0.87061	0.07204	0.01639	0.08686	0.02661	0.00996	0.91314	0.02661	0.00996	0.10292	0.04188	0.01250	-0.05262	0.03142	0.11153
cylindraceus_IGG_Fresh	cylindraceus	IGG	Fresh	0	308	307	55	17.85714	2.95130	0.07905	0.01602	0.93669	0.02195	0.00844	0.12013	0.08360	0.01648	0.87987	0.08360	0.01648	0.07486	0.02742	0.00944	0.92514	0.02742	0.00944	0.09113	0.04134	0.01159	-0.04888	0.03801	0.01602
cinereus_SG_FFS	cinereus	SG	FFS	5	271	270	45	16.60517	3.13653	1.94796	0.08478	0.95409	0.01287	0.00689	0.09182	0.05149	0.01378	0.90818	0.05149	0.01378	0.06195	0.02055	0.00871	0.93805	0.02055	0.00871	0.07690	0.03215	0.01089	-0.02703	0.01353	0.08478
cylindraceus_IGG_FFS	cylindraceus	IGG	FFS	0	281	280	46	16.37011	3.04270	1.10531	0.06272	0.95107	0.01565	0.00746	0.09312	0.06035	0.01465	0.90688	0.06035	0.01465	0.06188	0.02162	0.00877	0.93812	0.02162	0.00877	0.07599	0.03466	0.01111	-0.03025	0.02664	0.06272
montanus_SG_Fresh	montanus	SG	Fresh	3	308	307	72	23.37662	3.99351	0.00647	0.00458	0.92302	0.02490	0.00899	0.14908	0.09703	0.01775	0.85092	0.09703	0.01775	0.09245	0.03109	0.01005	0.90755	0.03109	0.01005	0.10584	0.04076	0.01150	-0.07676	0.05416	0.00458
yonahlossee_SG_FFS	yonahlossee	SG	FFS	0	70	70	9	12.85714	1.50000	0.51449	0.08573	0.95476	0.01664	0.01542	0.09048	0.06657	0.03084	0.90952	0.06657	0.03084	0.05357	0.02076	0.01722	0.94643	0.02076	0.01722	0.08857	0.06460	0.03038	-0.00357	0.00089	0.08573
montanus_IGG_Fresh	montanus	IGG	Fresh	0	308	307	50	16.23377	1.57468	0.24522	0.02822	0.93101	0.02678	0.00932	0.13799	0.10712	0.01865	0.86201	0.10712	0.01865	0.07508	0.02972	0.00982	0.92492	0.02972	0.00982	0.11418	0.07333	0.01543	-0.03571	0.01664	0.02822
yonahlossee_IGG_FFS	yonahlossee	IGG	FFS	0	305	304	57	18.68852	2.37049	0.38531	0.03554	0.93525	0.02104	0.00830	0.12732	0.08324	0.01652	0.87268	0.08324	0.01652	0.07919	0.02842	0.00965	0.92081	0.02842	0.00965	0.10044	0.04607	0.01229	-0.04317	0.02289	0.03554
yonahlossee_IGG_Blood	yonahlossee	IGG	Blood	1	308	307	84	27.27273	6.43506	0.59838	0.04408	0.91711	0.02355	0.00874	0.16362	0.09273	0.01735	0.83638	0.09273	0.01735	0.10510	0.03411	0.01052	0.89490	0.03411	0.01052	0.11362	0.03985	0.01138	-0.09943	0.04878	0.04408
glutinosus_SG_Blood	glutinosus	SG	Blood	1	308	307	95	30.84416	3.96104	0.03757	0.01104	0.90774	0.02575	0.00914	0.16991	0.09273	0.01735	0.83009	0.09273	0.01735	0.11616	0.03457	0.01059	0.88384	0.03457	0.01059	0.13290	0.04526	0.01212	-0.06580	0.05378	0.01104
montanus_SG_FFS	montanus	SG	FFS	1	292	291	41	14.04110	2.17808	1.10220	0.06144	0.95733	0.01386	0.00689	0.07620	0.04851	0.01289	0.92380	0.04851	0.01289	0.05407	0.01927	0.00812	0.94593	0.01927	0.00812	0.07225	0.03785	0.01139	-0.00771	0.01877	0.06144
montanus_IGG_FFS	montanus	IGG	FFS	0	252	251	55	21.82540	1.43254	0.24643	0.03127	0.91071	0.03184	0.01124	0.17857	0.12735	0.02248	0.82143	0.12735	0.02248	0.09921	0.03618	0.01198	0.90079	0.03618	0.01198	0.15741	0.09907	0.01983	-0.03175	0.01492	0.03127
cinereus_IGG_Blood	cinereus	IGG	Blood	3	307	306	53	17.26384	3.11401	1.96408	0.07999	0.94207	0.01978	0.00803	0.10456	0.07258	0.01538	0.89544	0.07258	0.01538	0.06971	0.02566	0.00914	0.93029	0.02566	0.00914	0.08298	0.03779	0.01109	-0.03640	0.04260	0.07999
yonahlossee_SG_Fresh	yonahlossee	SG	Fresh	0	308	307	61	19.80519	1.43506	0.24658	0.02829	0.92127	0.02819	0.00957	0.14448	0.10365	0.01834	0.85552	0.10365	0.01834	0.08888	0.03284	0.01033	0.91112	0.03284	0.01033	0.14015	0.08896	0.01700	-0.00649	0.02276	0.02829
yonahlossee_IGG_Fresh	yonahlossee	IGG	Fresh	0	308	307	69	22.40260	3.42857	0.25872	0.02898	0.91897	0.02690	0.00934	0.15720	0.10344	0.01833	0.84280	0.10344	0.01833	0.09532	0.03373	0.01047	0.90468	0.03373	0.01047	0.11170	0.04651	0.01229	-0.07922	0.04467	0.02898
glutinosus_SG_Fresh	glutinosus	SG	Fresh	1	308	307	85	27.59740	2.00000	0.00000	0.00000	0.90097	0.03006	0.00988	0.18506	0.11222	0.01909	0.81494	0.11222	0.01909	0.11851	0.03803	0.01111	0.88149	0.03803	0.01111	0.15801	0.06760	0.01482	-0.04058	0.03825	0.00000
yonahlossee_SG_Blood	yonahlossee	SG	Blood	1	308	307	74	24.02597	2.87013	0.13292	0.02077	0.92073	0.02403	0.00883	0.15639	0.09390	0.01746	0.84361	0.09390	0.01746	0.09808	0.03252	0.01028	0.90192	0.03252	0.01028	0.11807	0.04717	0.01238	-0.06620	0.03172	0.02077
cylindraceus_IGG_Blood	cylindraceus	IGG	Blood	0	308	307	48	15.58442	1.44805	0.24811	0.02838	0.94075	0.02152	0.00836	0.10877	0.07852	0.01597	0.89123	0.07852	0.01597	0.06859	0.02617	0.00922	0.93141	0.02617	0.00922	0.10985	0.07358	0.01546	0.00162	0.01384	0.02838
glutinosus_SG_FFS	glutinosus	SG	FFS	0	140	140	11	7.85714	1.32143	0.23407	0.04089	0.96964	0.01211	0.00930	0.03214	0.02234	0.01263	0.96786	0.02234	0.01263	0.03482	0.01463	0.01022	0.96518	0.01463	0.01022	0.04881	0.02977	0.01458	0.02500	0.02995	0.04089
welleri_IGG_FFS	welleri	IGG	FFS	41	285	285	52	18.24561	4.35088	1.55955	0.07397	0.95231	0.01343	0.00687	0.07784	0.04939	0.01316	0.92216	0.04939	0.01316	0.06406	0.02079	0.00854	0.93594	0.02079	0.00854	0.07176	0.02609	0.00957	0.00099	0.06625	0.07397
cinereus_IGG_FFS	cinereus	IGG	FFS	3	277	277	72	25.99278	7.40433	5.19100	0.13689	0.93129	0.01977	0.00845	0.13340	0.07622	0.01659	0.86660	0.07622	0.01659	0.08858	0.02796	0.01005	0.91142	0.02796	0.01005	0.09631	0.03335	0.01097	-0.07370	0.04460	0.13689
cylindraceus_IGG_Fresh	cylindraceus	IGG	Fresh	0	308	307	52	16.88312	1.98377	0.01602	0.00721	0.93101	0.02597	0.00918	0.12825	0.09669	0.01772	0.87175	0.09669	0.01772	0.07670	0.02967	0.00982	0.92330	0.02967	0.00982	0.10335	0.05434	0.01328	-0.03734	0.03199	0.00721
cinereus_SG_FFS	cinereus	SG	FFS	2	273	273	45	16.48352	3.36630	1.41680	0.07204	0.95760	0.01139	0.00646	0.08480	0.04554	0.01292	0.91520	0.04554	0.01292	0.05851	0.01899	0.00834	0.94149	0.01899	0.00834	0.07240	0.02959	0.01041	-0.02241	0.01109	0.07204
cylindraceus_IGG_FFS	cylindraceus	IGG	FFS	0	248	247	31	12.50000	1.54435	0.24904	0.03169	0.95262	0.01774	0.00846	0.09073	0.06765	0.01652	0.90927	0.06765	0.01652	0.05494	0.02170	0.00935	0.94506	0.02170	0.00935	0.08266	0.05286	0.01460	-0.01210	0.01200	0.03169
montanus_SG_Fresh	montanus	SG	Fresh	1	308	307	68	22.07792	5.00000	0.00000	0.00000	0.92435	0.02550	0.00910	0.14221	0.09632	0.01768	0.85779	0.09632	0.01768	0.08903	0.03092	0.01002	0.91097	0.03092	0.01002	0.09892	0.03817	0.01113	-0.08098	0.06570	0.00000
yonahlossee_SG_FFS	yonahlossee	SG	FFS	0	41	41	4	9.75610	1.19512	0.16098	0.06266	0.96341	0.01425	0.01864	0.07317	0.05701	0.03729	0.92683	0.05701	0.03729	0.04268	0.01766	0.02076	0.95732	0.01766	0.02076	0.07317	0.05701	0.03729	0.00000	0.00000	0.06266
montanus_IGG_Fresh	montanus	IGG	Fresh	0	308	307	57	18.50649	3.00000	0.00000	0.00000	0.91991	0.03030	0.00992	0.15801	0.11900	0.01966	0.84199	0.11900	0.01966	0.08694	0.03402	0.01051	0.91306	0.03402	0.01051	0.10433	0.04899	0.01261	-0.09082	0.04899	0.00000
yonahlossee_IGG_FFS	yonahlossee	IGG	FFS	0	308	307	78	25.32468	5.66234	0.98659	0.05660	0.92153	0.02356	0.00875	0.15601	0.09348	0.01742	0.84399	0.09348	0.01742	0.09765	0.03215	0.01022	0.90235	0.03215	0.01022	0.10710	0.03867	0.01121	-0.09466	0.04839	0.05660
yonahlossee_IGG_Blood	yonahlossee	IGG	Blood	1	308	307	83	26.94805	5.68506	0.24903	0.02843	0.91250	0.02600	0.00919	0.17284	0.10256	0.01825	0.82716	0.10256	0.01825	0.10787	0.03568	0.01076	0.89213	0.03568	0.01076	0.11802	0.04271	0.01178	-0.10603	0.05459	0.02843
glutinosus_SG_Blood	glutinosus	SG	Blood	0	308	307	86	27.92208	2.53247	0.30187	0.03131	0.90530	0.02837	0.00960	0.18723	0.11286	0.01914	0.81277	0.11286	0.01914	0.11490	0.03636	0.01087	0.88510	0.03636	0.01087	0.14459	0.05859	0.01379	-0.06981	0.03827	0.03131
montanus_SG_FFS	montanus	SG	FFS	0	213	212	19	8.92019	1.52582	0.43919	0.04541	0.96479	0.01454	0.00826	0.07042	0.05817	0.01653	0.92958	0.05817	0.01653	0.03899	0.01634	0.00876	0.96101	0.01634	0.00876	0.06510	0.05028	0.01536	-0.00822	0.00376	0.04541
montanus_IGG_FFS	montanus	IGG	FFS	0	278	278	54	19.42446	3.96403	5.21170	0.13692	0.94690	0.01678	0.00777	0.09902	0.06218	0.01496	0.90098	0.06218	0.01496	0.06713	0.02226	0.00895	0.93287	0.02226	0.00895	0.07841	0.03351	0.01098	-0.04189	0.03857	0.13692
cinereus_IGG_Blood	cinereus	IGG	Blood	2	307	306	50	16.28664	2.74267	1.09370	0.05969	0.93811	0.02316	0.00869	0.11183	0.08585	0.01672	0.88817	0.08585	0.01672	0.06994	0.02687	0.00936	0.93006	0.02687	0.00936	0.08542	0.04128	0.01160	-0.04289	0.04974	0.05969
yonahlossee_SG_Fresh	yonahlossee	SG	Fresh	0	308	307	61	19.80519	1.43506	0.24658	0.02829	0.92127	0.02819	0.00957	0.14448	0.10365	0.01834	0.85552	0.10365	0.01834	0.08888	0.03284	0.01033	0.91112	0.03284	0.01033	0.14015	0.08896	0.01700	-0.00649	0.02276	0.02829
