Population	Species	Locality	Replicate	Private	Sites	Variant_Sites	Polymorphic_Sites	%Polymorphic_Loci	Num_Indv	Var_N	StdErr_N	P	Var_P	StdErr_P	Obs_Het	Var_OHe	StdErr_OHe	Obs_Hom	Var_OHo	StdErr_OHo	Exp_Het	Var_EHe	StdErr_EHe	Exp_Hom	Var_EHo	StdErr_EHo	Pi	Var_Pi	StdErr_Pi	Fis	Var_Fis	StdErr_Fis
yonahlossee_IGG_Fresh	yonahlossee	IGG	Fresh	0	25	25	4	16.00000	1.36000	0.24000	0.09798	0.92000	0.03500	0.03742	0.16000	0.14000	0.07483	0.84000	0.14000	0.07483	0.08000	0.03500	0.03742	0.92000	0.03500	0.03742	0.16000	0.14000	0.07483	0.00000	0.00000	0.09798
glutinosus_SG_Fresh	glutinosus	SG	Fresh	0	33	33	5	15.15152	2.00000	0.00000	0.00000	0.95455	0.01349	0.02022	0.09091	0.05398	0.04044	0.90909	0.05398	0.04044	0.06061	0.02160	0.02559	0.93939	0.02160	0.02559	0.08081	0.03840	0.03411	-0.01515	0.00758	0.00000
yonahlossee_SG_Blood	yonahlossee	SG	Blood	0	33	33	5	15.15152	1.33333	0.22917	0.08333	0.92424	0.03314	0.03169	0.15152	0.13258	0.06338	0.84848	0.13258	0.06338	0.07576	0.03314	0.03169	0.92424	0.03314	0.03169	0.14141	0.11827	0.05986	-0.01515	0.00758	0.08333
cylindraceus_IGG_Blood	cylindraceus	IGG	Blood	0	6	6	0	0.00000	1.00000	0.00000	0.00000	1.00000	0.00000	0.00000	0.00000	0.00000	0.00000	1.00000	0.00000	0.00000	0.00000	0.00000	0.00000	1.00000	0.00000	0.00000	0.00000	0.00000	0.00000	0.00000	0.00000	0.00000
glutinosus_SG_FFS	glutinosus	SG	FFS	0	15	15	3	20.00000	2.06667	1.06667	0.26667	0.93333	0.02202	0.03832	0.13333	0.08810	0.07664	0.86667	0.08810	0.07664	0.08333	0.03051	0.04510	0.91667	0.03051	0.04510	0.13333	0.08810	0.07664	0.00000	0.00000	0.26667
welleri_IGG_FFS	welleri	IGG	FFS	7	33	33	4	12.12121	3.42424	0.56439	0.13078	0.97222	0.00593	0.01341	0.01010	0.00337	0.01010	0.98990	0.00337	0.01010	0.04251	0.01373	0.02040	0.95749	0.01373	0.02040	0.04906	0.01821	0.02349	0.09091	0.08523	0.13078
cinereus_IGG_FFS	cinereus	IGG	FFS	1	28	28	4	14.28571	3.75000	1.52778	0.23359	0.97113	0.00651	0.01525	0.01607	0.00353	0.01123	0.98393	0.00353	0.01123	0.04351	0.01353	0.02199	0.95649	0.01353	0.02199	0.05043	0.01850	0.02570	0.07143	0.06878	0.23359
cylindraceus_IGG_Fresh	cylindraceus	IGG	Fresh	0	29	29	1	3.44828	1.48276	0.25862	0.09443	0.99138	0.00216	0.00862	0.01724	0.00862	0.01724	0.98276	0.00862	0.01724	0.01293	0.00485	0.01293	0.98707	0.00485	0.01293	0.01724	0.00862	0.01724	0.00000	0.00000	0.09443
cinereus_SG_FFS	cinereus	SG	FFS	0	32	32	0	0.00000	3.65625	5.65222	0.42028	1.00000	0.00000	0.00000	0.00000	0.00000	0.00000	1.00000	0.00000	0.00000	0.00000	0.00000	0.00000	1.00000	0.00000	0.00000	0.00000	0.00000	0.00000	0.00000	0.00000	0.42028
cylindraceus_IGG_FFS	cylindraceus	IGG	FFS	0	30	30	2	6.66667	2.13333	0.67126	0.14958	0.97500	0.01013	0.01838	0.05000	0.04052	0.03675	0.95000	0.04052	0.03675	0.02917	0.01259	0.02049	0.97083	0.01259	0.02049	0.03889	0.02238	0.02731	-0.01667	0.00833	0.14958
montanus_SG_Fresh	montanus	SG	Fresh	0	33	33	4	12.12121	1.96970	0.03030	0.03030	0.95455	0.01740	0.02296	0.09091	0.06960	0.04593	0.90909	0.06960	0.04593	0.05303	0.02151	0.02553	0.94697	0.02151	0.02553	0.07071	0.03825	0.03404	-0.03030	0.01468	0.03030
yonahlossee_SG_FFS	yonahlossee	SG	FFS	0	33	33	5	15.15152	2.48485	0.63258	0.13845	0.93182	0.02841	0.02934	0.10606	0.08996	0.05221	0.89394	0.08996	0.05221	0.07197	0.03030	0.03030	0.92803	0.03030	0.03030	0.09596	0.05387	0.04040	-0.01515	0.05445	0.13845
montanus_IGG_Fresh	montanus	IGG	Fresh	0	33	33	3	9.09091	2.00000	0.00000	0.00000	0.96212	0.01610	0.02209	0.07576	0.06439	0.04417	0.92424	0.06439	0.04417	0.04167	0.01823	0.02350	0.95833	0.01823	0.02350	0.05556	0.03241	0.03134	-0.03030	0.01468	0.00000
yonahlossee_IGG_FFS	yonahlossee	IGG	FFS	0	33	33	5	15.15152	5.06061	0.62121	0.13720	0.93182	0.02841	0.02934	0.13636	0.11364	0.05868	0.86364	0.11364	0.05868	0.07197	0.03030	0.03030	0.92803	0.03030	0.03030	0.07910	0.03648	0.03325	-0.10606	0.07607	0.13720
yonahlossee_IGG_Blood	yonahlossee	IGG	Blood	0	33	33	5	15.15152	2.00000	0.00000	0.00000	0.93182	0.02841	0.02934	0.13636	0.11364	0.05868	0.86364	0.11364	0.05868	0.07197	0.03030	0.03030	0.92803	0.03030	0.03030	0.09596	0.05387	0.04040	-0.06061	0.02746	0.00000
glutinosus_SG_Blood	glutinosus	SG	Blood	0	33	33	6	18.18182	2.06061	0.18371	0.07461	0.95455	0.00959	0.01705	0.09091	0.03835	0.03409	0.90909	0.03835	0.03409	0.06818	0.02157	0.02557	0.93182	0.02157	0.02557	0.09091	0.03835	0.03409	0.00000	0.00000	0.07461
montanus_SG_FFS	montanus	SG	FFS	0	30	30	1	3.33333	1.23333	0.18506	0.07854	0.98333	0.00833	0.01667	0.03333	0.03333	0.03333	0.96667	0.03333	0.03333	0.01667	0.00833	0.01667	0.98333	0.00833	0.01667	0.03333	0.03333	0.03333	0.00000	0.00000	0.07854
montanus_IGG_FFS	montanus	IGG	FFS	1	26	26	3	11.53846	2.07692	1.27385	0.22135	0.95192	0.02010	0.02780	0.09615	0.08038	0.05560	0.90385	0.08038	0.05560	0.05288	0.02272	0.02956	0.94712	0.02272	0.02956	0.09615	0.08038	0.05560	0.00000	0.00000	0.22135
cinereus_IGG_Blood	cinereus	IGG	Blood	1	21	21	2	9.52381	1.00000	0.00000	0.00000	0.95238	0.02262	0.03282	0.09524	0.09048	0.06564	0.90476	0.09048	0.06564	0.04762	0.02262	0.03282	0.95238	0.02262	0.03282	0.09524	0.09048	0.06564	0.00000	0.00000	0.00000
yonahlossee_SG_Fresh	yonahlossee	SG	Fresh	0	33	33	4	12.12121	1.00000	0.00000	0.00000	0.93939	0.02746	0.02885	0.12121	0.10985	0.05770	0.87879	0.10985	0.05770	0.06061	0.02746	0.02885	0.93939	0.02746	0.02885	0.12121	0.10985	0.05770	0.00000	0.00000	0.00000
yonahlossee_IGG_Fresh	yonahlossee	IGG	Fresh	0	33	33	5	15.15152	4.24242	1.06439	0.17959	0.93561	0.02551	0.02780	0.12879	0.10204	0.05561	0.87121	0.10204	0.05561	0.07102	0.02950	0.02990	0.92898	0.02950	0.02990	0.08117	0.03853	0.03417	-0.08535	0.05109	0.17959
glutinosus_SG_Fresh	glutinosus	SG	Fresh	0	33	33	5	15.15152	2.00000	0.00000	0.00000	0.95455	0.01349	0.02022	0.09091	0.05398	0.04044	0.90909	0.05398	0.04044	0.06061	0.02160	0.02559	0.93939	0.02160	0.02559	0.08081	0.03840	0.03411	-0.01515	0.00758	0.00000
yonahlossee_SG_Blood	yonahlossee	SG	Blood	0	33	33	6	18.18182	2.09091	0.33523	0.10079	0.91667	0.03385	0.03203	0.16667	0.13542	0.06406	0.83333	0.13542	0.06406	0.08712	0.03563	0.03286	0.91288	0.03563	0.03286	0.12424	0.07606	0.04801	-0.06566	0.03288	0.10079
cylindraceus_IGG_Blood	cylindraceus	IGG	Blood	0	33	33	1	3.03030	1.00000	0.00000	0.00000	0.98485	0.00758	0.01515	0.03030	0.03030	0.03030	0.96970	0.03030	0.03030	0.01515	0.00758	0.01515	0.98485	0.00758	0.01515	0.03030	0.03030	0.03030	0.00000	0.00000	0.00000
glutinosus_SG_FFS	glutinosus	SG	FFS	0	12	12	0	0.00000	1.50000	0.63636	0.23028	1.00000	0.00000	0.00000	0.00000	0.00000	0.00000	1.00000	0.00000	0.00000	0.00000	0.00000	0.00000	1.00000	0.00000	0.00000	0.00000	0.00000	0.00000	0.00000	0.00000	0.23028
welleri_IGG_FFS	welleri	IGG	FFS	6	33	33	5	15.15152	5.18182	1.21591	0.19195	0.97374	0.00401	0.01102	0.02222	0.00796	0.01553	0.97778	0.00796	0.01553	0.04337	0.01091	0.01818	0.95663	0.01091	0.01818	0.04842	0.01361	0.02031	0.08712	0.08641	0.19195
cinereus_IGG_FFS	cinereus	IGG	FFS	1	28	28	4	14.28571	7.35714	2.23810	0.28272	0.98207	0.00257	0.00959	0.03586	0.01030	0.01918	0.96414	0.01030	0.01918	0.03025	0.00699	0.01580	0.96975	0.00699	0.01580	0.03228	0.00796	0.01686	-0.01099	0.00163	0.28272
cylindraceus_IGG_Fresh	cylindraceus	IGG	Fresh	0	33	33	1	3.03030	2.36364	0.36364	0.10497	0.98990	0.00337	0.01010	0.02020	0.01347	0.02020	0.97980	0.01347	0.02020	0.01347	0.00599	0.01347	0.98653	0.00599	0.01347	0.01616	0.00862	0.01616	-0.00758	0.00189	0.10497
cinereus_SG_FFS	cinereus	SG	FFS	0	32	32	0	0.00000	2.84375	2.97480	0.30490	1.00000	0.00000	0.00000	0.00000	0.00000	0.00000	1.00000	0.00000	0.00000	0.00000	0.00000	0.00000	1.00000	0.00000	0.00000	0.00000	0.00000	0.00000	0.00000	0.00000	0.30490
cylindraceus_IGG_FFS	cylindraceus	IGG	FFS	0	30	30	2	6.66667	2.13333	0.67126	0.14958	0.97500	0.01013	0.01838	0.05000	0.04052	0.03675	0.95000	0.04052	0.03675	0.02917	0.01259	0.02049	0.97083	0.01259	0.02049	0.03889	0.02238	0.02731	-0.01667	0.00833	0.14958
montanus_SG_Fresh	montanus	SG	Fresh	0	33	33	5	15.15152	4.96970	0.03030	0.03030	0.96364	0.01114	0.01837	0.07273	0.04455	0.03674	0.92727	0.04455	0.03674	0.04848	0.01613	0.02211	0.95152	0.01613	0.02211	0.05387	0.01991	0.02456	-0.03669	0.02165	0.03030
yonahlossee_SG_FFS	yonahlossee	SG	FFS	0	6	6	0	0.00000	1.00000	0.00000	0.00000	1.00000	0.00000	0.00000	0.00000	0.00000	0.00000	1.00000	0.00000	0.00000	0.00000	0.00000	0.00000	1.00000	0.00000	0.00000	0.00000	0.00000	0.00000	0.00000	0.00000	0.00000
montanus_IGG_Fresh	montanus	IGG	Fresh	0	33	33	3	9.09091	3.30303	0.21780	0.08124	0.96970	0.00947	0.01694	0.06061	0.03788	0.03388	0.93939	0.03788	0.03388	0.04040	0.01684	0.02259	0.95960	0.01684	0.02259	0.04848	0.02424	0.02710	-0.02273	0.00533	0.08124
yonahlossee_IGG_FFS	yonahlossee	IGG	FFS	0	33	33	5	15.15152	4.00000	0.00000	0.00000	0.93182	0.02841	0.02934	0.13636	0.11364	0.05868	0.86364	0.11364	0.05868	0.07197	0.03030	0.03030	0.92803	0.03030	0.03030	0.08225	0.03958	0.03463	-0.09596	0.06168	0.00000
yonahlossee_IGG_Blood	yonahlossee	IGG	Blood	0	33	33	5	15.15152	5.06061	0.24621	0.08638	0.94848	0.01758	0.02308	0.10303	0.07030	0.04616	0.89697	0.07030	0.04616	0.06364	0.02564	0.02787	0.93636	0.02564	0.02787	0.07071	0.03165	0.03097	-0.06061	0.02746	0.08638
glutinosus_SG_Blood	glutinosus	SG	Blood	0	33	33	6	18.18182	5.03030	0.28030	0.09216	0.95303	0.01249	0.01946	0.09394	0.04996	0.03891	0.90606	0.04996	0.03891	0.06530	0.02181	0.02571	0.93470	0.02181	0.02571	0.07233	0.02676	0.02848	-0.04461	0.01609	0.09216
montanus_SG_FFS	montanus	SG	FFS	0	32	32	2	6.25000	3.62500	1.66129	0.22785	0.97396	0.01095	0.01850	0.05208	0.04379	0.03699	0.94792	0.04379	0.03699	0.02951	0.01354	0.02057	0.97049	0.01354	0.02057	0.03542	0.01949	0.02468	-0.02865	0.01551	0.22785
montanus_IGG_FFS	montanus	IGG	FFS	0	27	27	4	14.81481	2.00000	1.15385	0.20672	0.94444	0.02083	0.02778	0.11111	0.08333	0.05556	0.88889	0.08333	0.05556	0.06481	0.02569	0.03084	0.93519	0.02569	0.03084	0.11111	0.08333	0.05556	0.00000	0.00000	0.20672
cinereus_IGG_Blood	cinereus	IGG	Blood	0	28	28	4	14.28571	1.67857	0.22619	0.08988	0.94643	0.02017	0.02684	0.07143	0.05026	0.04237	0.92857	0.05026	0.04237	0.06250	0.02488	0.02981	0.93750	0.02488	0.02981	0.08333	0.04424	0.03975	0.01786	0.04597	0.08988
yonahlossee_SG_Fresh	yonahlossee	SG	Fresh	0	33	33	4	12.12121	1.00000	0.00000	0.00000	0.93939	0.02746	0.02885	0.12121	0.10985	0.05770	0.87879	0.10985	0.05770	0.06061	0.02746	0.02885	0.93939	0.02746	0.02885	0.12121	0.10985	0.05770	0.00000	0.00000	0.00000
yonahlossee_IGG_Fresh	yonahlossee	IGG	Fresh	0	33	33	4	12.12121	2.93939	0.05871	0.04218	0.93939	0.02746	0.02885	0.12121	0.10985	0.05770	0.87879	0.10985	0.05770	0.06061	0.02746	0.02885	0.93939	0.02746	0.02885	0.07273	0.03955	0.03462	-0.08081	0.04882	0.04218
glutinosus_SG_Fresh	glutinosus	SG	Fresh	1	33	33	5	15.15152	2.00000	0.00000	0.00000	0.95455	0.01349	0.02022	0.09091	0.05398	0.04044	0.90909	0.05398	0.04044	0.06061	0.02160	0.02559	0.93939	0.02160	0.02559	0.08081	0.03840	0.03411	-0.01515	0.00758	0.00000
yonahlossee_SG_Blood	yonahlossee	SG	Blood	0	33	33	5	15.15152	2.18182	0.46591	0.11882	0.93687	0.02475	0.02739	0.12626	0.09901	0.05478	0.87374	0.09901	0.05478	0.07029	0.02891	0.02960	0.92971	0.02891	0.02960	0.09192	0.04965	0.03879	-0.05303	0.02249	0.11882
cylindraceus_IGG_Blood	cylindraceus	IGG	Blood	0	33	33	1	3.03030	1.00000	0.00000	0.00000	0.98485	0.00758	0.01515	0.03030	0.03030	0.03030	0.96970	0.03030	0.03030	0.01515	0.00758	0.01515	0.98485	0.00758	0.01515	0.03030	0.03030	0.03030	0.00000	0.00000	0.00000
glutinosus_SG_FFS	glutinosus	SG	FFS	0	13	13	0	0.00000	1.15385	0.14103	0.10415	1.00000	0.00000	0.00000	0.00000	0.00000	0.00000	1.00000	0.00000	0.00000	0.00000	0.00000	0.00000	1.00000	0.00000	0.00000	0.00000	0.00000	0.00000	0.00000	0.00000	0.10415
welleri_IGG_FFS	welleri	IGG	FFS	6	33	33	3	9.09091	4.45455	1.19318	0.19015	0.98030	0.00405	0.01108	0.02727	0.01205	0.01911	0.97273	0.01205	0.01911	0.03076	0.00982	0.01725	0.96924	0.00982	0.01725	0.03670	0.01432	0.02083	0.02652	0.03101	0.19015
cinereus_IGG_FFS	cinereus	IGG	FFS	1	28	28	5	17.85714	6.17857	2.81878	0.31729	0.97577	0.00294	0.01025	0.02636	0.00636	0.01507	0.97364	0.00636	0.01507	0.04162	0.00859	0.01752	0.95838	0.00859	0.01752	0.04503	0.01006	0.01895	0.06548	0.07014	0.31729
cylindraceus_IGG_Fresh	cylindraceus	IGG	Fresh	0	33	33	1	3.03030	2.36364	0.36364	0.10497	0.98990	0.00337	0.01010	0.02020	0.01347	0.02020	0.97980	0.01347	0.02020	0.01347	0.00599	0.01347	0.98653	0.00599	0.01347	0.01616	0.00862	0.01616	-0.00758	0.00189	0.10497
cinereus_SG_FFS	cinereus	SG	FFS	0	24	24	0	0.00000	2.29167	1.08514	0.21264	1.00000	0.00000	0.00000	0.00000	0.00000	0.00000	1.00000	0.00000	0.00000	0.00000	0.00000	0.00000	1.00000	0.00000	0.00000	0.00000	0.00000	0.00000	0.00000	0.00000	0.21264
cylindraceus_IGG_FFS	cylindraceus	IGG	FFS	0	32	32	2	6.25000	2.87500	1.01613	0.17820	0.97917	0.00851	0.01631	0.04167	0.03405	0.03262	0.95833	0.03405	0.03262	0.02431	0.00994	0.01763	0.97569	0.00994	0.01763	0.02917	0.01432	0.02115	-0.02083	0.01389	0.17820
montanus_SG_Fresh	montanus	SG	Fresh	0	33	33	4	12.12121	2.00000	0.00000	0.00000	0.95455	0.01740	0.02296	0.06061	0.04309	0.03613	0.93939	0.04309	0.03613	0.05303	0.02151	0.02553	0.94697	0.02151	0.02553	0.07071	0.03825	0.03404	0.01515	0.03883	0.00000
yonahlossee_SG_FFS	yonahlossee	SG	FFS	0	33	33	3	9.09091	1.00000	0.00000	0.00000	0.95455	0.02131	0.02541	0.09091	0.08523	0.05082	0.90909	0.08523	0.05082	0.04545	0.02131	0.02541	0.95455	0.02131	0.02541	0.09091	0.08523	0.05082	0.00000	0.00000	0.00000
montanus_IGG_Fresh	montanus	IGG	Fresh	0	33	33	4	12.12121	5.30303	0.21780	0.08124	0.96061	0.01371	0.02038	0.06667	0.04167	0.03553	0.93333	0.04167	0.03553	0.04909	0.02013	0.02470	0.95091	0.02013	0.02470	0.05455	0.02485	0.02744	-0.02273	0.01705	0.08124
yonahlossee_IGG_FFS	yonahlossee	IGG	FFS	0	33	33	4	12.12121	2.48485	1.32008	0.20001	0.94318	0.02450	0.02725	0.11364	0.09801	0.05450	0.88636	0.09801	0.05450	0.05966	0.02663	0.02841	0.94034	0.02663	0.02841	0.06818	0.03479	0.03247	-0.08030	0.05108	0.20001
yonahlossee_IGG_Blood	yonahlossee	IGG	Blood	0	33	33	5	15.15152	3.57576	0.25189	0.08737	0.94444	0.01884	0.02390	0.11111	0.07538	0.04779	0.88889	0.07538	0.04779	0.06839	0.02729	0.02876	0.93161	0.02729	0.02876	0.07893	0.03634	0.03319	-0.05960	0.02674	0.08737
glutinosus_SG_Blood	glutinosus	SG	Blood	0	33	33	5	15.15152	4.15152	0.44508	0.11613	0.94924	0.01627	0.02220	0.10152	0.06508	0.04441	0.89848	0.06508	0.04441	0.06481	0.02465	0.02733	0.93519	0.02465	0.02733	0.07367	0.03186	0.03107	-0.05361	0.02390	0.11613
montanus_SG_FFS	montanus	SG	FFS	0	31	31	2	6.45161	2.54839	0.98925	0.17864	0.96774	0.01559	0.02243	0.06452	0.06237	0.04485	0.93548	0.06237	0.04485	0.03226	0.01559	0.02243	0.96774	0.01559	0.02243	0.04301	0.02772	0.02990	-0.03226	0.01559	0.17864
montanus_IGG_FFS	montanus	IGG	FFS	0	27	27	4	14.81481	2.00000	1.23077	0.21350	0.94444	0.02083	0.02778	0.11111	0.08333	0.05556	0.88889	0.08333	0.05556	0.06481	0.02569	0.03084	0.93519	0.02569	0.03084	0.11111	0.08333	0.05556	0.00000	0.00000	0.21350
cinereus_IGG_Blood	cinereus	IGG	Blood	1	28	28	2	7.14286	1.96429	0.03571	0.03571	0.98214	0.00430	0.01239	0.03571	0.01720	0.02478	0.96429	0.01720	0.02478	0.02679	0.00967	0.01859	0.97321	0.00967	0.01859	0.03571	0.01720	0.02478	0.00000	0.00000	0.03571
yonahlossee_SG_Fresh	yonahlossee	SG	Fresh	0	33	33	3	9.09091	1.00000	0.00000	0.00000	0.95455	0.02131	0.02541	0.09091	0.08523	0.05082	0.90909	0.08523	0.05082	0.04545	0.02131	0.02541	0.95455	0.02131	0.02541	0.09091	0.08523	0.05082	0.00000	0.00000	0.00000
yonahlossee_IGG_Fresh	yonahlossee	IGG	Fresh	0	33	33	5	15.15152	3.24242	1.06439	0.17959	0.93939	0.02399	0.02696	0.12121	0.09596	0.05392	0.87879	0.09596	0.05392	0.06734	0.02735	0.02879	0.93266	0.02735	0.02879	0.08081	0.03938	0.03454	-0.06818	0.03883	0.17959
glutinosus_SG_Fresh	glutinosus	SG	Fresh	1	33	33	5	15.15152	1.93939	0.05871	0.04218	0.95455	0.01349	0.02022	0.09091	0.05398	0.04044	0.90909	0.05398	0.04044	0.06061	0.02160	0.02559	0.93939	0.02160	0.02559	0.08081	0.03840	0.03411	-0.01515	0.00758	0.04218
yonahlossee_SG_Blood	yonahlossee	SG	Blood	0	28	28	4	14.28571	1.39286	0.24735	0.09399	0.93750	0.02604	0.03050	0.12500	0.10417	0.06099	0.87500	0.10417	0.06099	0.06696	0.02834	0.03181	0.93304	0.02834	0.03181	0.12500	0.10417	0.06099	0.00000	0.00000	0.09399
cylindraceus_IGG_Blood	cylindraceus	IGG	Blood	0	6	6	0	0.00000	1.00000	0.00000	0.00000	1.00000	0.00000	0.00000	0.00000	0.00000	0.00000	1.00000	0.00000	0.00000	0.00000	0.00000	0.00000	1.00000	0.00000	0.00000	0.00000	0.00000	0.00000	0.00000	0.00000	0.00000
glutinosus_SG_FFS	glutinosus	SG	FFS	0	18	18	3	16.66667	2.11111	1.98693	0.33224	0.94444	0.01879	0.03231	0.11111	0.07516	0.06462	0.88889	0.07516	0.06462	0.06944	0.02614	0.03811	0.93056	0.02614	0.03811	0.11111	0.07516	0.06462	0.00000	0.00000	0.33224
welleri_IGG_FFS	welleri	IGG	FFS	6	25	25	0	0.00000	1.00000	0.00000	0.00000	1.00000	0.00000	0.00000	0.00000	0.00000	0.00000	1.00000	0.00000	0.00000	0.00000	0.00000	0.00000	1.00000	0.00000	0.00000	0.00000	0.00000	0.00000	0.00000	0.00000	0.00000
cinereus_IGG_FFS	cinereus	IGG	FFS	2	28	28	6	21.42857	6.17857	1.04101	0.19282	0.97151	0.00357	0.01130	0.03656	0.01022	0.01911	0.96344	0.01022	0.01911	0.04846	0.00994	0.01885	0.95154	0.00994	0.01885	0.05226	0.01155	0.02031	0.06196	0.07157	0.19282
cylindraceus_IGG_Fresh	cylindraceus	IGG	Fresh	0	33	33	1	3.03030	1.93939	0.05871	0.04218	0.98485	0.00758	0.01515	0.03030	0.03030	0.03030	0.96970	0.03030	0.03030	0.01515	0.00758	0.01515	0.98485	0.00758	0.01515	0.02020	0.01347	0.02020	-0.01515	0.00758	0.04218
cinereus_SG_FFS	cinereus	SG	FFS	0	32	32	0	0.00000	2.46875	1.54738	0.21990	1.00000	0.00000	0.00000	0.00000	0.00000	0.00000	1.00000	0.00000	0.00000	0.00000	0.00000	0.00000	1.00000	0.00000	0.00000	0.00000	0.00000	0.00000	0.00000	0.00000	0.21990
cylindraceus_IGG_FFS	cylindraceus	IGG	FFS	0	32	32	2	6.25000	3.40625	0.63609	0.14099	0.98047	0.00817	0.01598	0.03906	0.03270	0.03197	0.96094	0.03270	0.03197	0.02246	0.00909	0.01685	0.97754	0.00909	0.01685	0.02567	0.01187	0.01926	-0.02344	0.01758	0.14099
montanus_SG_Fresh	montanus	SG	Fresh	0	33	33	4	12.12121	2.96970	0.03030	0.03030	0.95455	0.01783	0.02325	0.07071	0.04693	0.03771	0.92929	0.04693	0.03771	0.05219	0.02140	0.02547	0.94781	0.02140	0.02547	0.06263	0.03082	0.03056	-0.01431	0.02180	0.03030
yonahlossee_SG_FFS	yonahlossee	SG	FFS	0	33	33	4	12.12121	1.18182	0.15341	0.06818	0.93939	0.02746	0.02885	0.12121	0.10985	0.05770	0.87879	0.10985	0.05770	0.06061	0.02746	0.02885	0.93939	0.02746	0.02885	0.12121	0.10985	0.05770	0.00000	0.00000	0.06818
montanus_IGG_Fresh	montanus	IGG	Fresh	0	33	33	4	12.12121	3.72727	0.20455	0.07873	0.95581	0.01757	0.02308	0.06818	0.05966	0.04252	0.93182	0.05966	0.04252	0.05040	0.02067	0.02503	0.94960	0.02067	0.02503	0.05837	0.02774	0.02899	-0.01515	0.06617	0.07873
yonahlossee_IGG_FFS	yonahlossee	IGG	FFS	0	33	33	4	12.12121	1.33333	0.22917	0.08333	0.93939	0.02746	0.02885	0.12121	0.10985	0.05770	0.87879	0.10985	0.05770	0.06061	0.02746	0.02885	0.93939	0.02746	0.02885	0.08081	0.04882	0.03846	-0.06061	0.02746	0.08333
yonahlossee_IGG_Blood	yonahlossee	IGG	Blood	0	33	33	5	15.15152	5.57576	0.25189	0.08737	0.95152	0.01568	0.02180	0.09697	0.06273	0.04360	0.90303	0.06273	0.04360	0.06185	0.02418	0.02707	0.93815	0.02418	0.02707	0.06758	0.02881	0.02955	-0.05736	0.02580	0.08737
glutinosus_SG_Blood	glutinosus	SG	Blood	0	30	30	3	10.00000	1.20000	0.16552	0.07428	0.95833	0.01760	0.02422	0.08333	0.07040	0.04844	0.91667	0.07040	0.04844	0.04583	0.01992	0.02577	0.95417	0.01992	0.02577	0.08333	0.07040	0.04844	0.00000	0.00000	0.07428
montanus_SG_FFS	montanus	SG	FFS	0	15	15	0	0.00000	1.26667	0.20952	0.11819	1.00000	0.00000	0.00000	0.00000	0.00000	0.00000	1.00000	0.00000	0.00000	0.00000	0.00000	0.00000	1.00000	0.00000	0.00000	0.00000	0.00000	0.00000	0.00000	0.00000	0.11819
montanus_IGG_FFS	montanus	IGG	FFS	0	30	30	4	13.33333	2.36667	1.55057	0.22735	0.95000	0.01897	0.02514	0.06667	0.04713	0.03963	0.93333	0.04713	0.03963	0.05833	0.02342	0.02794	0.94167	0.02342	0.02794	0.07778	0.04163	0.03725	0.01667	0.04282	0.22735
cinereus_IGG_Blood	cinereus	IGG	Blood	0	28	28	0	0.00000	1.03571	0.03571	0.03571	1.00000	0.00000	0.00000	0.00000	0.00000	0.00000	1.00000	0.00000	0.00000	0.00000	0.00000	0.00000	1.00000	0.00000	0.00000	0.00000	0.00000	0.00000	0.00000	0.00000	0.03571
yonahlossee_SG_Fresh	yonahlossee	SG	Fresh	0	33	33	4	12.12121	2.00000	0.00000	0.00000	0.94697	0.02249	0.02611	0.10606	0.08996	0.05221	0.89394	0.08996	0.05221	0.05682	0.02450	0.02725	0.94318	0.02450	0.02725	0.07576	0.04356	0.03633	-0.04545	0.02131	0.00000
yonahlossee_IGG_Fresh	yonahlossee	IGG	Fresh	0	33	33	5	15.15152	2.57576	0.62689	0.13783	0.93182	0.02841	0.02934	0.13636	0.11364	0.05868	0.86364	0.11364	0.05868	0.07197	0.03030	0.03030	0.92803	0.03030	0.03030	0.09596	0.05387	0.04040	-0.06061	0.02746	0.13783
glutinosus_SG_Fresh	glutinosus	SG	Fresh	0	33	33	2	6.06061	1.93939	0.05871	0.04218	0.96970	0.01468	0.02109	0.06061	0.05871	0.04218	0.93939	0.05871	0.04218	0.03030	0.01468	0.02109	0.96970	0.01468	0.02109	0.04040	0.02609	0.02812	-0.03030	0.01468	0.04218
yonahlossee_SG_Blood	yonahlossee	SG	Blood	0	29	29	5	17.24138	1.24138	0.18966	0.08087	0.91379	0.03695	0.03569	0.17241	0.14778	0.07139	0.82759	0.14778	0.07139	0.08621	0.03695	0.03569	0.91379	0.03695	0.03569	0.16092	0.13191	0.06744	-0.01724	0.00862	0.08087
cylindraceus_IGG_Blood	cylindraceus	IGG	Blood	0	33	33	1	3.03030	1.00000	0.00000	0.00000	0.98485	0.00758	0.01515	0.03030	0.03030	0.03030	0.96970	0.03030	0.03030	0.01515	0.00758	0.01515	0.98485	0.00758	0.01515	0.03030	0.03030	0.03030	0.00000	0.00000	0.00000
glutinosus_SG_FFS	glutinosus	SG	FFS	0	9	9	0	0.00000	1.44444	0.27778	0.17568	1.00000	0.00000	0.00000	0.00000	0.00000	0.00000	1.00000	0.00000	0.00000	0.00000	0.00000	0.00000	1.00000	0.00000	0.00000	0.00000	0.00000	0.00000	0.00000	0.00000	0.17568
welleri_IGG_FFS	welleri	IGG	FFS	6	33	33	2	6.06061	1.72727	0.20455	0.07873	0.97727	0.00923	0.01673	0.04545	0.03693	0.03345	0.95455	0.03693	0.03345	0.02652	0.01148	0.01865	0.97348	0.01148	0.01865	0.04545	0.03693	0.03345	0.00000	0.00000	0.07873
cinereus_IGG_FFS	cinereus	IGG	FFS	1	28	28	4	14.28571	5.35714	0.75661	0.16438	0.98452	0.00167	0.00771	0.03095	0.00666	0.01542	0.96905	0.00666	0.01542	0.02726	0.00502	0.01338	0.97274	0.00502	0.01338	0.02987	0.00601	0.01466	-0.00357	0.00036	0.16438
cylindraceus_IGG_Fresh	cylindraceus	IGG	Fresh	0	32	32	1	3.12500	1.87500	0.11290	0.05940	0.98438	0.00781	0.01562	0.03125	0.03125	0.03125	0.96875	0.03125	0.03125	0.01562	0.00781	0.01562	0.98438	0.00781	0.01562	0.02083	0.01389	0.02083	-0.01562	0.00781	0.05940
cinereus_SG_FFS	cinereus	SG	FFS	0	32	32	0	0.00000	2.93750	2.89919	0.30100	1.00000	0.00000	0.00000	0.00000	0.00000	0.00000	1.00000	0.00000	0.00000	0.00000	0.00000	0.00000	1.00000	0.00000	0.00000	0.00000	0.00000	0.00000	0.00000	0.00000	0.30100
cylindraceus_IGG_FFS	cylindraceus	IGG	FFS	0	32	32	2	6.25000	2.46875	0.45060	0.11867	0.97917	0.00851	0.01631	0.04167	0.03405	0.03262	0.95833	0.03405	0.03262	0.02431	0.00994	0.01763	0.97569	0.00994	0.01763	0.02917	0.01432	0.02115	-0.02083	0.01389	0.11867
montanus_SG_Fresh	montanus	SG	Fresh	0	33	33	5	15.15152	5.96970	0.03030	0.03030	0.95960	0.01394	0.02055	0.07071	0.04346	0.03629	0.92929	0.04346	0.03629	0.05051	0.01842	0.02363	0.94949	0.01842	0.02363	0.05510	0.02192	0.02577	-0.03025	0.02240	0.03030
yonahlossee_SG_FFS	yonahlossee	SG	FFS	0	33	33	5	15.15152	2.30303	0.21780	0.08124	0.93182	0.02841	0.02934	0.10606	0.08996	0.05221	0.89394	0.08996	0.05221	0.07197	0.03030	0.03030	0.92803	0.03030	0.03030	0.09596	0.05387	0.04040	-0.01515	0.05445	0.08124
montanus_IGG_Fresh	montanus	IGG	Fresh	0	33	33	4	12.12121	4.72727	0.64205	0.13948	0.96439	0.01176	0.01888	0.05909	0.02866	0.02947	0.94091	0.02866	0.02947	0.04587	0.01704	0.02273	0.95413	0.01704	0.02273	0.05154	0.02140	0.02547	-0.01613	0.00335	0.13948
yonahlossee_IGG_FFS	yonahlossee	IGG	FFS	0	33	33	5	15.15152	4.06061	0.62121	0.13720	0.92929	0.02957	0.02993	0.14141	0.11827	0.05986	0.85859	0.11827	0.05986	0.07407	0.03176	0.03103	0.92593	0.03176	0.03103	0.08350	0.04028	0.03494	-0.10455	0.07068	0.13720
yonahlossee_IGG_Blood	yonahlossee	IGG	Blood	0	33	33	7	21.21212	7.12121	0.29735	0.09492	0.93831	0.01955	0.02434	0.12338	0.07821	0.04868	0.87662	0.07821	0.04868	0.07784	0.02832	0.02930	0.92216	0.02832	0.02930	0.08399	0.03296	0.03160	-0.07702	0.03822	0.09492
glutinosus_SG_Blood	glutinosus	SG	Blood	0	33	33	6	18.18182	5.81818	0.59091	0.13381	0.95202	0.01303	0.01987	0.09596	0.05214	0.03975	0.90404	0.05214	0.03975	0.06608	0.02276	0.02626	0.93392	0.02276	0.02626	0.07208	0.02709	0.02865	-0.04981	0.01829	0.13381
montanus_SG_FFS	montanus	SG	FFS	0	29	29	2	6.89655	1.27586	0.20690	0.08447	0.96552	0.01663	0.02394	0.06897	0.06650	0.04789	0.93103	0.06650	0.04789	0.03448	0.01663	0.02394	0.96552	0.01663	0.02394	0.06897	0.06650	0.04789	0.00000	0.00000	0.08447
montanus_IGG_FFS	montanus	IGG	FFS	0	30	30	4	13.33333	2.36667	1.61954	0.23235	0.94167	0.02450	0.02858	0.08333	0.07040	0.04844	0.91667	0.07040	0.04844	0.06250	0.02667	0.02982	0.93750	0.02667	0.02982	0.09444	0.06453	0.04638	0.01667	0.04282	0.23235
cinereus_IGG_Blood	cinereus	IGG	Blood	0	28	28	3	10.71429	1.75000	0.19444	0.08333	0.96429	0.01257	0.02118	0.03571	0.01720	0.02478	0.96429	0.01720	0.02478	0.04464	0.01761	0.02508	0.95536	0.01761	0.02508	0.05952	0.03131	0.03344	0.03571	0.03571	0.08333
yonahlossee_SG_Fresh	yonahlossee	SG	Fresh	0	33	33	3	9.09091	1.00000	0.00000	0.00000	0.95455	0.02131	0.02541	0.09091	0.08523	0.05082	0.90909	0.08523	0.05082	0.04545	0.02131	0.02541	0.95455	0.02131	0.02541	0.09091	0.08523	0.05082	0.00000	0.00000	0.00000
yonahlossee_IGG_Fresh	yonahlossee	IGG	Fresh	0	33	33	5	15.15152	4.96970	0.46780	0.11906	0.93636	0.02551	0.02780	0.12727	0.10205	0.05561	0.87273	0.10205	0.05561	0.06970	0.02883	0.02956	0.93030	0.02883	0.02956	0.07744	0.03559	0.03284	-0.09167	0.05964	0.11906
glutinosus_SG_Fresh	glutinosus	SG	Fresh	0	33	33	2	6.06061	1.93939	0.05871	0.04218	0.96970	0.01468	0.02109	0.06061	0.05871	0.04218	0.93939	0.05871	0.04218	0.03030	0.01468	0.02109	0.96970	0.01468	0.02109	0.04040	0.02609	0.02812	-0.03030	0.01468	0.04218
yonahlossee_SG_Blood	yonahlossee	SG	Blood	0	33	33	6	18.18182	2.60606	0.37121	0.10606	0.93182	0.02494	0.02749	0.13636	0.09975	0.05498	0.86364	0.09975	0.05498	0.07870	0.03003	0.03017	0.92130	0.03003	0.03017	0.09596	0.04443	0.03669	-0.06818	0.03883	0.10606
cylindraceus_IGG_Blood	cylindraceus	IGG	Blood	0	33	33	1	3.03030	1.18182	0.15341	0.06818	0.98485	0.00758	0.01515	0.03030	0.03030	0.03030	0.96970	0.03030	0.03030	0.01515	0.00758	0.01515	0.98485	0.00758	0.01515	0.03030	0.03030	0.03030	0.00000	0.00000	0.06818
glutinosus_SG_FFS	glutinosus	SG	FFS	0	18	18	3	16.66667	2.16667	0.97059	0.23221	0.94444	0.01879	0.03231	0.11111	0.07516	0.06462	0.88889	0.07516	0.06462	0.06944	0.02614	0.03811	0.93056	0.02614	0.03811	0.09259	0.04648	0.05081	-0.02778	0.01389	0.23221
welleri_IGG_FFS	welleri	IGG	FFS	6	33	33	3	9.09091	1.84848	0.13258	0.06338	0.95455	0.02131	0.02541	0.06061	0.05871	0.04218	0.93939	0.05871	0.04218	0.04545	0.02131	0.02541	0.95455	0.02131	0.02541	0.07071	0.05387	0.04040	0.01515	0.03883	0.06338
cinereus_IGG_FFS	cinereus	IGG	FFS	1	28	28	6	21.42857	7.14286	3.01587	0.32819	0.97697	0.00225	0.00895	0.02693	0.00509	0.01348	0.97307	0.00509	0.01348	0.04067	0.00688	0.01568	0.95933	0.00688	0.01568	0.04349	0.00788	0.01677	0.06633	0.06989	0.32819
cylindraceus_IGG_Fresh	cylindraceus	IGG	Fresh	0	33	33	1	3.03030	2.36364	0.36364	0.10497	0.98990	0.00337	0.01010	0.02020	0.01347	0.02020	0.97980	0.01347	0.02020	0.01347	0.00599	0.01347	0.98653	0.00599	0.01347	0.01616	0.00862	0.01616	-0.00758	0.00189	0.10497
cinereus_SG_FFS	cinereus	SG	FFS	0	32	32	0	0.00000	2.84375	2.97480	0.30490	1.00000	0.00000	0.00000	0.00000	0.00000	0.00000	1.00000	0.00000	0.00000	0.00000	0.00000	0.00000	1.00000	0.00000	0.00000	0.00000	0.00000	0.00000	0.00000	0.00000	0.30490
cylindraceus_IGG_FFS	cylindraceus	IGG	FFS	0	31	31	1	3.22581	1.96774	0.03226	0.03226	0.98387	0.00806	0.01613	0.03226	0.03226	0.03226	0.96774	0.03226	0.03226	0.01613	0.00806	0.01613	0.98387	0.00806	0.01613	0.02151	0.01434	0.02151	-0.01613	0.00806	0.03226
montanus_SG_Fresh	montanus	SG	Fresh	1	33	33	4	12.12121	6.96970	0.03030	0.03030	0.96537	0.01216	0.01919	0.06061	0.03958	0.03463	0.93939	0.03958	0.03463	0.04329	0.01656	0.02240	0.95671	0.01656	0.02240	0.04662	0.01921	0.02413	-0.02744	0.02377	0.03030
yonahlossee_SG_FFS	yonahlossee	SG	FFS	0	33	33	5	15.15152	2.48485	0.63258	0.13845	0.93182	0.02841	0.02934	0.10606	0.08996	0.05221	0.89394	0.08996	0.05221	0.07197	0.03030	0.03030	0.92803	0.03030	0.03030	0.09596	0.05387	0.04040	-0.01515	0.05445	0.13845
montanus_IGG_Fresh	montanus	IGG	Fresh	0	33	33	4	12.12121	5.45455	0.75568	0.15133	0.96414	0.01222	0.01925	0.06162	0.03293	0.03159	0.93838	0.03293	0.03159	0.04544	0.01726	0.02287	0.95456	0.01726	0.02287	0.05027	0.02103	0.02524	-0.02315	0.00625	0.15133
yonahlossee_IGG_FFS	yonahlossee	IGG	FFS	0	33	33	5	15.15152	3.42424	0.25189	0.08737	0.93308	0.02669	0.02844	0.13384	0.10674	0.05687	0.86616	0.10674	0.05687	0.07313	0.03096	0.03063	0.92687	0.03096	0.03063	0.08434	0.04113	0.03531	-0.08788	0.05172	0.08737
yonahlossee_IGG_Blood	yonahlossee	IGG	Blood	0	33	33	5	15.15152	4.03030	0.59280	0.13403	0.95076	0.01580	0.02188	0.09848	0.06320	0.04376	0.90152	0.06320	0.04376	0.06299	0.02452	0.02726	0.93701	0.02452	0.02726	0.07020	0.03034	0.03032	-0.05411	0.02297	0.13403
glutinosus_SG_Blood	glutinosus	SG	Blood	0	33	33	6	18.18182	4.21212	0.29735	0.09492	0.95606	0.01293	0.01980	0.08788	0.05172	0.03959	0.91212	0.05172	0.03959	0.05894	0.01878	0.02386	0.94106	0.01878	0.02386	0.06705	0.02435	0.02716	-0.03864	0.02153	0.09492
montanus_SG_FFS	montanus	SG	FFS	0	32	32	2	6.25000	1.68750	0.22177	0.08325	0.97656	0.00951	0.01724	0.04688	0.03805	0.03448	0.95312	0.03805	0.03448	0.02734	0.01183	0.01923	0.97266	0.01183	0.01923	0.03646	0.02103	0.02564	-0.01562	0.00781	0.08325
montanus_IGG_FFS	montanus	IGG	FFS	0	12	12	1	8.33333	1.41667	0.26515	0.14865	0.95833	0.02083	0.04167	0.08333	0.08333	0.08333	0.91667	0.08333	0.08333	0.04167	0.02083	0.04167	0.95833	0.02083	0.04167	0.08333	0.08333	0.08333	0.00000	0.00000	0.14865
cinereus_IGG_Blood	cinereus	IGG	Blood	0	27	27	2	7.40741	1.00000	0.00000	0.00000	0.96296	0.01781	0.02568	0.07407	0.07123	0.05136	0.92593	0.07123	0.05136	0.03704	0.01781	0.02568	0.96296	0.01781	0.02568	0.07407	0.07123	0.05136	0.00000	0.00000	0.00000
yonahlossee_SG_Fresh	yonahlossee	SG	Fresh	0	33	33	4	12.12121	1.00000	0.00000	0.00000	0.93939	0.02746	0.02885	0.12121	0.10985	0.05770	0.87879	0.10985	0.05770	0.06061	0.02746	0.02885	0.93939	0.02746	0.02885	0.12121	0.10985	0.05770	0.00000	0.00000	0.00000
yonahlossee_IGG_Fresh	yonahlossee	IGG	Fresh	0	33	33	5	15.15152	3.24242	1.06439	0.17959	0.93434	0.02594	0.02803	0.13131	0.10375	0.05607	0.86869	0.10375	0.05607	0.07239	0.03038	0.03034	0.92761	0.03038	0.03034	0.08687	0.04375	0.03641	-0.07576	0.03965	0.17959
glutinosus_SG_Fresh	glutinosus	SG	Fresh	0	33	33	5	15.15152	1.93939	0.05871	0.04218	0.95455	0.01349	0.02022	0.09091	0.05398	0.04044	0.90909	0.05398	0.04044	0.06061	0.02160	0.02559	0.93939	0.02160	0.02559	0.08081	0.03840	0.03411	-0.01515	0.00758	0.04218
yonahlossee_SG_Blood	yonahlossee	SG	Blood	0	33	33	5	15.15152	2.18182	0.46591	0.11882	0.93687	0.02475	0.02739	0.12626	0.09901	0.05478	0.87374	0.09901	0.05478	0.07029	0.02891	0.02960	0.92971	0.02891	0.02960	0.09192	0.04965	0.03879	-0.05303	0.02249	0.11882
cylindraceus_IGG_Blood	cylindraceus	IGG	Blood	0	6	6	0	0.00000	1.00000	0.00000	0.00000	1.00000	0.00000	0.00000	0.00000	0.00000	0.00000	1.00000	0.00000	0.00000	0.00000	0.00000	0.00000	1.00000	0.00000	0.00000	0.00000	0.00000	0.00000	0.00000	0.00000	0.00000
glutinosus_SG_FFS	glutinosus	SG	FFS	0	18	18	3	16.66667	1.66667	1.64706	0.30250	0.91667	0.03676	0.04519	0.16667	0.14706	0.09039	0.83333	0.14706	0.09039	0.08333	0.03676	0.04519	0.91667	0.03676	0.04519	0.16667	0.14706	0.09039	0.00000	0.00000	0.30250
welleri_IGG_FFS	welleri	IGG	FFS	6	33	33	4	12.12121	2.84848	0.13258	0.06338	0.96465	0.01000	0.01740	0.01010	0.00337	0.01010	0.98990	0.00337	0.01010	0.04882	0.01847	0.02366	0.95118	0.01847	0.02366	0.05859	0.02660	0.02839	0.09091	0.08523	0.06338
cinereus_IGG_FFS	cinereus	IGG	FFS	1	28	28	6	21.42857	7.14286	3.01587	0.32819	0.97697	0.00225	0.00895	0.02693	0.00509	0.01348	0.97307	0.00509	0.01348	0.04067	0.00688	0.01568	0.95933	0.00688	0.01568	0.04349	0.00788	0.01677	0.06633	0.06989	0.32819
cylindraceus_IGG_Fresh	cylindraceus	IGG	Fresh	0	31	31	1	3.22581	1.45161	0.25591	0.09086	0.99194	0.00202	0.00806	0.01613	0.00806	0.01613	0.98387	0.00806	0.01613	0.01210	0.00454	0.01210	0.98790	0.00454	0.01210	0.01613	0.00806	0.01613	0.00000	0.00000	0.09086
cinereus_SG_FFS	cinereus	SG	FFS	0	23	23	0	0.00000	2.17391	1.24111	0.23230	1.00000	0.00000	0.00000	0.00000	0.00000	0.00000	1.00000	0.00000	0.00000	0.00000	0.00000	0.00000	1.00000	0.00000	0.00000	0.00000	0.00000	0.00000	0.00000	0.00000	0.23230
cylindraceus_IGG_FFS	cylindraceus	IGG	FFS	0	31	31	1	3.22581	1.96774	0.03226	0.03226	0.98387	0.00806	0.01613	0.03226	0.03226	0.03226	0.96774	0.03226	0.03226	0.01613	0.00806	0.01613	0.98387	0.00806	0.01613	0.02151	0.01434	0.02151	-0.01613	0.00806	0.03226
montanus_SG_Fresh	montanus	SG	Fresh	0	33	33	4	12.12121	2.00000	0.00000	0.00000	0.96212	0.01219	0.01922	0.07576	0.04877	0.03844	0.92424	0.04877	0.03844	0.04924	0.01850	0.02367	0.95076	0.01850	0.02367	0.06566	0.03288	0.03157	-0.01515	0.00758	0.00000
yonahlossee_SG_FFS	yonahlossee	SG	FFS	0	33	33	5	15.15152	2.48485	0.63258	0.13845	0.93182	0.02841	0.02934	0.10606	0.08996	0.05221	0.89394	0.08996	0.05221	0.07197	0.03030	0.03030	0.92803	0.03030	0.03030	0.09596	0.05387	0.04040	-0.01515	0.05445	0.13845
montanus_IGG_Fresh	montanus	IGG	Fresh	0	33	33	4	12.12121	6.03030	0.34280	0.10192	0.96010	0.01443	0.02091	0.06768	0.04455	0.03674	0.93232	0.04455	0.03674	0.04864	0.02026	0.02478	0.95136	0.02026	0.02478	0.05335	0.02440	0.02719	-0.02706	0.02161	0.10192
yonahlossee_IGG_FFS	yonahlossee	IGG	FFS	0	33	33	5	15.15152	5.75758	0.68939	0.14454	0.93550	0.02614	0.02814	0.12900	0.10455	0.05629	0.87100	0.10455	0.05629	0.06999	0.02908	0.02969	0.93001	0.02908	0.02969	0.07571	0.03392	0.03206	-0.10065	0.07113	0.14454
yonahlossee_IGG_Blood	yonahlossee	IGG	Blood	0	33	33	5	15.15152	3.60606	0.24621	0.08638	0.95455	0.01263	0.01956	0.09091	0.05051	0.03912	0.90909	0.05051	0.03912	0.06229	0.02310	0.02646	0.93771	0.02310	0.02646	0.07475	0.03327	0.03175	-0.03030	0.00687	0.08638
glutinosus_SG_Blood	glutinosus	SG	Blood	0	33	33	6	18.18182	3.93939	0.37121	0.10606	0.94697	0.01468	0.02109	0.10606	0.05871	0.04218	0.89394	0.05871	0.04218	0.07197	0.02554	0.02782	0.92803	0.02554	0.02782	0.08225	0.03336	0.03180	-0.04646	0.01451	0.10606
montanus_SG_FFS	montanus	SG	FFS	0	13	13	0	0.00000	1.30769	0.23077	0.13323	1.00000	0.00000	0.00000	0.00000	0.00000	0.00000	1.00000	0.00000	0.00000	0.00000	0.00000	0.00000	1.00000	0.00000	0.00000	0.00000	0.00000	0.00000	0.00000	0.00000	0.13323
montanus_IGG_FFS	montanus	IGG	FFS	0	30	30	4	13.33333	2.60000	1.90345	0.25189	0.94167	0.02450	0.02858	0.09444	0.07219	0.04905	0.90556	0.07219	0.04905	0.06250	0.02667	0.02982	0.93750	0.02667	0.02982	0.09222	0.06204	0.04548	-0.00185	0.01543	0.25189
cinereus_IGG_Blood	cinereus	IGG	Blood	0	28	28	4	14.28571	1.71429	0.21164	0.08694	0.94643	0.02017	0.02684	0.07143	0.05026	0.04237	0.92857	0.05026	0.04237	0.06250	0.02488	0.02981	0.93750	0.02488	0.02981	0.08333	0.04424	0.03975	0.01786	0.04597	0.08694
yonahlossee_SG_Fresh	yonahlossee	SG	Fresh	0	33	33	4	12.12121	2.00000	0.00000	0.00000	0.94697	0.02249	0.02611	0.10606	0.08996	0.05221	0.89394	0.08996	0.05221	0.05682	0.02450	0.02725	0.94318	0.02450	0.02725	0.07576	0.04356	0.03633	-0.04545	0.02131	0.00000
yonahlossee_IGG_Fresh	yonahlossee	IGG	Fresh	0	33	33	5	15.15152	4.30303	1.09280	0.18198	0.93561	0.02551	0.02780	0.12879	0.10204	0.05561	0.87121	0.10204	0.05561	0.07102	0.02950	0.02990	0.92898	0.02950	0.02990	0.08117	0.03853	0.03417	-0.08535	0.05109	0.18198
glutinosus_SG_Fresh	glutinosus	SG	Fresh	1	33	33	5	15.15152	1.93939	0.05871	0.04218	0.95455	0.01349	0.02022	0.09091	0.05398	0.04044	0.90909	0.05398	0.04044	0.06061	0.02160	0.02559	0.93939	0.02160	0.02559	0.08081	0.03840	0.03411	-0.01515	0.00758	0.04218
yonahlossee_SG_Blood	yonahlossee	SG	Blood	0	31	31	5	16.12903	1.70968	0.21290	0.08287	0.93548	0.02487	0.02832	0.12903	0.09946	0.05664	0.87097	0.09946	0.05664	0.07258	0.02893	0.03055	0.92742	0.02893	0.03055	0.09677	0.05143	0.04073	-0.04839	0.02258	0.08287
cylindraceus_IGG_Blood	cylindraceus	IGG	Blood	0	6	6	0	0.00000	1.00000	0.00000	0.00000	1.00000	0.00000	0.00000	0.00000	0.00000	0.00000	1.00000	0.00000	0.00000	0.00000	0.00000	0.00000	1.00000	0.00000	0.00000	0.00000	0.00000	0.00000	0.00000	0.00000	0.00000
glutinosus_SG_FFS	glutinosus	SG	FFS	0	15	15	0	0.00000	1.66667	1.38095	0.30342	1.00000	0.00000	0.00000	0.00000	0.00000	0.00000	1.00000	0.00000	0.00000	0.00000	0.00000	0.00000	1.00000	0.00000	0.00000	0.00000	0.00000	0.00000	0.00000	0.00000	0.30342
welleri_IGG_FFS	welleri	IGG	FFS	6	33	33	5	15.15152	5.42424	0.56439	0.13078	0.97500	0.00370	0.01059	0.01970	0.00655	0.01409	0.98030	0.00655	0.01409	0.04158	0.01015	0.01753	0.95842	0.01015	0.01753	0.04590	0.01234	0.01934	0.08712	0.08641	0.13078
cinereus_IGG_FFS	cinereus	IGG	FFS	1	28	28	4	14.28571	7.35714	2.23810	0.28272	0.98207	0.00257	0.00959	0.03586	0.01030	0.01918	0.96414	0.01030	0.01918	0.03025	0.00699	0.01580	0.96975	0.00699	0.01580	0.03228	0.00796	0.01686	-0.01099	0.00163	0.28272
cylindraceus_IGG_Fresh	cylindraceus	IGG	Fresh	0	32	32	1	3.12500	2.31250	0.47984	0.12245	0.98958	0.00347	0.01042	0.02083	0.01389	0.02083	0.97917	0.01389	0.02083	0.01389	0.00617	0.01389	0.98611	0.00617	0.01389	0.01667	0.00889	0.01667	-0.00781	0.00195	0.12245
cinereus_SG_FFS	cinereus	SG	FFS	0	28	28	0	0.00000	1.82143	0.74471	0.16309	1.00000	0.00000	0.00000	0.00000	0.00000	0.00000	1.00000	0.00000	0.00000	0.00000	0.00000	0.00000	1.00000	0.00000	0.00000	0.00000	0.00000	0.00000	0.00000	0.00000	0.16309
cylindraceus_IGG_FFS	cylindraceus	IGG	FFS	0	30	30	2	6.66667	1.66667	0.22989	0.08754	0.97500	0.01013	0.01838	0.05000	0.04052	0.03675	0.95000	0.04052	0.03675	0.02917	0.01259	0.02049	0.97083	0.01259	0.02049	0.03889	0.02238	0.02731	-0.01667	0.00833	0.08754
montanus_SG_Fresh	montanus	SG	Fresh	0	33	33	5	15.15152	3.96970	0.03030	0.03030	0.95076	0.01850	0.02367	0.08333	0.06120	0.04306	0.91667	0.06120	0.04306	0.05777	0.02204	0.02584	0.94223	0.02204	0.02584	0.06602	0.02879	0.02954	-0.02929	0.04316	0.03030
yonahlossee_SG_FFS	yonahlossee	SG	FFS	0	33	33	5	15.15152	2.30303	0.21780	0.08124	0.93182	0.02841	0.02934	0.10606	0.08996	0.05221	0.89394	0.08996	0.05221	0.07197	0.03030	0.03030	0.92803	0.03030	0.03030	0.09596	0.05387	0.04040	-0.01515	0.05445	0.08124
montanus_IGG_Fresh	montanus	IGG	Fresh	0	29	29	2	6.89655	1.65517	0.51970	0.13387	0.98276	0.00416	0.01197	0.03448	0.01663	0.02394	0.96552	0.01663	0.02394	0.02586	0.00935	0.01796	0.97414	0.00935	0.01796	0.03448	0.01663	0.02394	0.00000	0.00000	0.13387
yonahlossee_IGG_FFS	yonahlossee	IGG	FFS	0	33	33	5	15.15152	2.42424	0.25189	0.08737	0.93687	0.02475	0.02739	0.12626	0.09901	0.05478	0.87374	0.09901	0.05478	0.07029	0.02891	0.02960	0.92971	0.02891	0.02960	0.08586	0.04285	0.03603	-0.06818	0.03883	0.08737
yonahlossee_IGG_Blood	yonahlossee	IGG	Blood	0	33	33	5	15.15152	5.06061	0.24621	0.08638	0.94242	0.02314	0.02648	0.11515	0.09258	0.05297	0.88485	0.09258	0.05297	0.06364	0.02579	0.02795	0.93636	0.02579	0.02795	0.07071	0.03184	0.03106	-0.08139	0.05572	0.08638
glutinosus_SG_Blood	glutinosus	SG	Blood	0	29	29	3	10.34483	1.13793	0.12315	0.06517	0.94828	0.02401	0.02878	0.10345	0.09606	0.05755	0.89655	0.09606	0.05755	0.05172	0.02401	0.02878	0.94828	0.02401	0.02878	0.10345	0.09606	0.05755	0.00000	0.00000	0.06517
montanus_SG_FFS	montanus	SG	FFS	0	30	30	1	3.33333	1.73333	0.47816	0.12625	0.98333	0.00833	0.01667	0.03333	0.03333	0.03333	0.96667	0.03333	0.03333	0.01667	0.00833	0.01667	0.98333	0.00833	0.01667	0.03333	0.03333	0.03333	0.00000	0.00000	0.12625
montanus_IGG_FFS	montanus	IGG	FFS	0	27	27	4	14.81481	2.18519	1.92593	0.26708	0.94444	0.02083	0.02778	0.11111	0.08333	0.05556	0.88889	0.08333	0.05556	0.06481	0.02569	0.03084	0.93519	0.02569	0.03084	0.11111	0.08333	0.05556	0.00000	0.00000	0.26708
cinereus_IGG_Blood	cinereus	IGG	Blood	0	28	28	3	10.71429	1.75000	0.19444	0.08333	0.96429	0.01257	0.02118	0.03571	0.01720	0.02478	0.96429	0.01720	0.02478	0.04464	0.01761	0.02508	0.95536	0.01761	0.02508	0.05952	0.03131	0.03344	0.03571	0.03571	0.08333
yonahlossee_SG_Fresh	yonahlossee	SG	Fresh	0	33	33	4	12.12121	2.00000	0.00000	0.00000	0.94697	0.02249	0.02611	0.10606	0.08996	0.05221	0.89394	0.08996	0.05221	0.05682	0.02450	0.02725	0.94318	0.02450	0.02725	0.07576	0.04356	0.03633	-0.04545	0.02131	0.00000
yonahlossee_IGG_Fresh	yonahlossee	IGG	Fresh	0	33	33	4	12.12121	2.24242	0.18939	0.07576	0.93939	0.02746	0.02885	0.12121	0.10985	0.05770	0.87879	0.10985	0.05770	0.06061	0.02746	0.02885	0.93939	0.02746	0.02885	0.08081	0.04882	0.03846	-0.06061	0.02746	0.07576
glutinosus_SG_Fresh	glutinosus	SG	Fresh	1	33	33	5	15.15152	2.00000	0.00000	0.00000	0.95455	0.01349	0.02022	0.09091	0.05398	0.04044	0.90909	0.05398	0.04044	0.06061	0.02160	0.02559	0.93939	0.02160	0.02559	0.08081	0.03840	0.03411	-0.01515	0.00758	0.00000
yonahlossee_SG_Blood	yonahlossee	SG	Blood	0	33	33	6	18.18182	1.75758	0.18939	0.07576	0.91667	0.03385	0.03203	0.16667	0.13542	0.06406	0.83333	0.13542	0.06406	0.08712	0.03563	0.03286	0.91288	0.03563	0.03286	0.12626	0.07818	0.04867	-0.06061	0.02746	0.07576
cylindraceus_IGG_Blood	cylindraceus	IGG	Blood	0	33	33	1	3.03030	1.00000	0.00000	0.00000	0.98485	0.00758	0.01515	0.03030	0.03030	0.03030	0.96970	0.03030	0.03030	0.01515	0.00758	0.01515	0.98485	0.00758	0.01515	0.03030	0.03030	0.03030	0.00000	0.00000	0.00000
glutinosus_SG_FFS	glutinosus	SG	FFS	0	18	18	3	16.66667	2.11111	1.98693	0.33224	0.94444	0.01879	0.03231	0.11111	0.07516	0.06462	0.88889	0.07516	0.06462	0.06944	0.02614	0.03811	0.93056	0.02614	0.03811	0.11111	0.07516	0.06462	0.00000	0.00000	0.33224
welleri_IGG_FFS	welleri	IGG	FFS	6	33	33	5	15.15152	6.18182	1.21591	0.19195	0.97817	0.00278	0.00918	0.01768	0.00510	0.01244	0.98232	0.00510	0.01244	0.03731	0.00809	0.01566	0.96269	0.00809	0.01566	0.04073	0.00963	0.01708	0.08788	0.08610	0.19195
cinereus_IGG_FFS	cinereus	IGG	FFS	2	28	28	4	14.28571	6.85714	1.46032	0.22837	0.98342	0.00211	0.00867	0.03316	0.00843	0.01735	0.96684	0.00843	0.01735	0.02855	0.00597	0.01461	0.97145	0.00597	0.01461	0.03059	0.00685	0.01564	-0.00847	0.00106	0.22837
cylindraceus_IGG_Fresh	cylindraceus	IGG	Fresh	0	32	32	1	3.12500	2.31250	0.47984	0.12245	0.98958	0.00347	0.01042	0.02083	0.01389	0.02083	0.97917	0.01389	0.02083	0.01389	0.00617	0.01389	0.98611	0.00617	0.01389	0.01667	0.00889	0.01667	-0.00781	0.00195	0.12245
cinereus_SG_FFS	cinereus	SG	FFS	0	30	30	0	0.00000	2.36667	1.75747	0.24204	1.00000	0.00000	0.00000	0.00000	0.00000	0.00000	1.00000	0.00000	0.00000	0.00000	0.00000	0.00000	1.00000	0.00000	0.00000	0.00000	0.00000	0.00000	0.00000	0.00000	0.24204
cylindraceus_IGG_FFS	cylindraceus	IGG	FFS	0	30	30	2	6.66667	2.13333	0.67126	0.14958	0.97500	0.01013	0.01838	0.05000	0.04052	0.03675	0.95000	0.04052	0.03675	0.02917	0.01259	0.02049	0.97083	0.01259	0.02049	0.03889	0.02238	0.02731	-0.01667	0.00833	0.14958
montanus_SG_Fresh	montanus	SG	Fresh	1	33	33	5	15.15152	3.96970	0.03030	0.03030	0.95076	0.01850	0.02367	0.08333	0.06120	0.04306	0.91667	0.06120	0.04306	0.05777	0.02204	0.02584	0.94223	0.02204	0.02584	0.06602	0.02879	0.02954	-0.02929	0.04316	0.03030
yonahlossee_SG_FFS	yonahlossee	SG	FFS	0	6	6	0	0.00000	1.00000	0.00000	0.00000	1.00000	0.00000	0.00000	0.00000	0.00000	0.00000	1.00000	0.00000	0.00000	0.00000	0.00000	0.00000	1.00000	0.00000	0.00000	0.00000	0.00000	0.00000	0.00000	0.00000	0.00000
montanus_IGG_Fresh	montanus	IGG	Fresh	0	33	33	3	9.09091	2.72727	0.64205	0.13948	0.96465	0.01347	0.02020	0.04040	0.02609	0.02812	0.95960	0.02609	0.02812	0.04209	0.01833	0.02357	0.95791	0.01833	0.02357	0.05253	0.02882	0.02955	0.01515	0.03492	0.13948
yonahlossee_IGG_FFS	yonahlossee	IGG	FFS	0	33	33	5	15.15152	3.72727	0.20455	0.07873	0.92929	0.02957	0.02993	0.14141	0.11827	0.05986	0.85859	0.11827	0.05986	0.07407	0.03176	0.03103	0.92593	0.03176	0.03103	0.08543	0.04218	0.03575	-0.09848	0.06226	0.07873
yonahlossee_IGG_Blood	yonahlossee	IGG	Blood	0	33	33	7	21.21212	5.00000	0.31250	0.09731	0.92828	0.02638	0.02827	0.14343	0.10552	0.05655	0.85657	0.10552	0.05655	0.08199	0.03068	0.03049	0.91801	0.03068	0.03049	0.09091	0.03784	0.03386	-0.09654	0.06075	0.09731
glutinosus_SG_Blood	glutinosus	SG	Blood	0	33	33	2	6.06061	1.12121	0.10985	0.05770	0.96970	0.01468	0.02109	0.06061	0.05871	0.04218	0.93939	0.05871	0.04218	0.03030	0.01468	0.02109	0.96970	0.01468	0.02109	0.06061	0.05871	0.04218	0.00000	0.00000	0.05770
montanus_SG_FFS	montanus	SG	FFS	0	32	32	1	3.12500	1.78125	0.62802	0.14009	0.98438	0.00781	0.01562	0.03125	0.03125	0.03125	0.96875	0.03125	0.03125	0.01562	0.00781	0.01562	0.98438	0.00781	0.01562	0.03125	0.03125	0.03125	0.00000	0.00000	0.14009
montanus_IGG_FFS	montanus	IGG	FFS	0	29	29	3	10.34483	2.06897	0.78079	0.16408	0.95690	0.01817	0.02503	0.06322	0.04447	0.03916	0.93678	0.04447	0.03916	0.04741	0.02055	0.02662	0.95259	0.02055	0.02662	0.06092	0.03381	0.03415	-0.00192	0.01598	0.16408
cinereus_IGG_Blood	cinereus	IGG	Blood	0	28	28	0	0.00000	1.03571	0.03571	0.03571	1.00000	0.00000	0.00000	0.00000	0.00000	0.00000	1.00000	0.00000	0.00000	0.00000	0.00000	0.00000	1.00000	0.00000	0.00000	0.00000	0.00000	0.00000	0.00000	0.00000	0.03571
yonahlossee_SG_Fresh	yonahlossee	SG	Fresh	0	33	33	4	12.12121	1.00000	0.00000	0.00000	0.93939	0.02746	0.02885	0.12121	0.10985	0.05770	0.87879	0.10985	0.05770	0.06061	0.02746	0.02885	0.93939	0.02746	0.02885	0.12121	0.10985	0.05770	0.00000	0.00000	0.00000
yonahlossee_IGG_Fresh	yonahlossee	IGG	Fresh	0	33	33	5	15.15152	1.72727	0.20455	0.07873	0.93939	0.02356	0.02672	0.12121	0.09422	0.05343	0.87879	0.09422	0.05343	0.06818	0.02743	0.02883	0.93182	0.02743	0.02883	0.09091	0.04877	0.03844	-0.04545	0.02131	0.07873
glutinosus_SG_Fresh	glutinosus	SG	Fresh	0	33	33	5	15.15152	1.93939	0.05871	0.04218	0.95455	0.01349	0.02022	0.09091	0.05398	0.04044	0.90909	0.05398	0.04044	0.06061	0.02160	0.02559	0.93939	0.02160	0.02559	0.08081	0.03840	0.03411	-0.01515	0.00758	0.04218
yonahlossee_SG_Blood	yonahlossee	SG	Blood	0	31	31	5	16.12903	2.06452	0.39570	0.11298	0.93280	0.02612	0.02903	0.13441	0.10448	0.05805	0.86559	0.10448	0.05805	0.07482	0.03049	0.03136	0.92518	0.03049	0.03136	0.09785	0.05237	0.04110	-0.05645	0.02379	0.11298
cylindraceus_IGG_Blood	cylindraceus	IGG	Blood	0	33	33	1	3.03030	1.00000	0.00000	0.00000	0.98485	0.00758	0.01515	0.03030	0.03030	0.03030	0.96970	0.03030	0.03030	0.01515	0.00758	0.01515	0.98485	0.00758	0.01515	0.03030	0.03030	0.03030	0.00000	0.00000	0.00000
glutinosus_SG_FFS	glutinosus	SG	FFS	0	16	16	3	18.75000	2.00000	1.06667	0.25820	0.93750	0.02083	0.03608	0.12500	0.08333	0.07217	0.87500	0.08333	0.07217	0.07812	0.02891	0.04250	0.92188	0.02891	0.04250	0.12500	0.08333	0.07217	0.00000	0.00000	0.25820
welleri_IGG_FFS	welleri	IGG	FFS	6	33	33	2	6.06061	2.57576	0.25189	0.08737	0.97980	0.00652	0.01406	0.00000	0.00000	0.00000	1.00000	0.00000	0.00000	0.02694	0.01160	0.01875	0.97306	0.01160	0.01875	0.03232	0.01670	0.02250	0.06061	0.05871	0.08737
cinereus_IGG_FFS	cinereus	IGG	FFS	1	28	28	6	21.42857	6.64286	2.16402	0.27800	0.97715	0.00234	0.00915	0.02360	0.00383	0.01169	0.97640	0.00383	0.01169	0.04014	0.00699	0.01580	0.95986	0.00699	0.01580	0.04324	0.00814	0.01706	0.06888	0.06934	0.27800
cylindraceus_IGG_Fresh	cylindraceus	IGG	Fresh	0	33	33	1	3.03030	2.30303	0.46780	0.11906	0.98990	0.00337	0.01010	0.02020	0.01347	0.02020	0.97980	0.01347	0.02020	0.01347	0.00599	0.01347	0.98653	0.00599	0.01347	0.01616	0.00862	0.01616	-0.00758	0.00189	0.11906
cinereus_SG_FFS	cinereus	SG	FFS	0	24	24	0	0.00000	2.45833	1.12862	0.21685	1.00000	0.00000	0.00000	0.00000	0.00000	0.00000	1.00000	0.00000	0.00000	0.00000	0.00000	0.00000	1.00000	0.00000	0.00000	0.00000	0.00000	0.00000	0.00000	0.00000	0.21685
cylindraceus_IGG_FFS	cylindraceus	IGG	FFS	0	31	31	2	6.45161	3.06452	0.79570	0.16021	0.97849	0.00878	0.01683	0.04301	0.03513	0.03366	0.95699	0.03513	0.03366	0.02509	0.01025	0.01819	0.97491	0.01025	0.01819	0.03011	0.01477	0.02183	-0.02151	0.01434	0.16021
montanus_SG_Fresh	montanus	SG	Fresh	1	33	33	5	15.15152	5.96970	0.03030	0.03030	0.96212	0.01306	0.01989	0.06566	0.03983	0.03474	0.93434	0.03983	0.03474	0.04756	0.01673	0.02252	0.95244	0.01673	0.02252	0.05188	0.01992	0.02457	-0.02655	0.02139	0.03030
yonahlossee_SG_FFS	yonahlossee	SG	FFS	0	33	33	3	9.09091	1.30303	0.21780	0.08124	0.95455	0.02131	0.02541	0.09091	0.08523	0.05082	0.90909	0.08523	0.05082	0.04545	0.02131	0.02541	0.95455	0.02131	0.02541	0.09091	0.08523	0.05082	0.00000	0.00000	0.08124
montanus_IGG_Fresh	montanus	IGG	Fresh	0	33	33	3	9.09091	3.15152	0.44508	0.11613	0.96212	0.01610	0.02209	0.06061	0.04309	0.03613	0.93939	0.04309	0.03613	0.04167	0.01823	0.02350	0.95833	0.01823	0.02350	0.05051	0.02720	0.02871	-0.01641	0.00889	0.11613
yonahlossee_IGG_FFS	yonahlossee	IGG	FFS	0	33	33	5	15.15152	4.06061	0.62121	0.13720	0.93434	0.02767	0.02896	0.13131	0.11069	0.05792	0.86869	0.11069	0.05792	0.06902	0.02875	0.02952	0.93098	0.02875	0.02952	0.07744	0.03587	0.03297	-0.09697	0.07030	0.13720
yonahlossee_IGG_Blood	yonahlossee	IGG	Blood	0	33	33	7	21.21212	5.12121	0.29735	0.09492	0.94091	0.01679	0.02256	0.11818	0.06716	0.04511	0.88182	0.06716	0.04511	0.07864	0.02716	0.02869	0.92136	0.02716	0.02869	0.08773	0.03377	0.03199	-0.05916	0.02325	0.09492
glutinosus_SG_Blood	glutinosus	SG	Blood	0	33	33	6	18.18182	5.90909	0.46023	0.11809	0.95346	0.01225	0.01927	0.09307	0.04901	0.03854	0.90693	0.04901	0.03854	0.06498	0.02194	0.02579	0.93502	0.02194	0.02579	0.07071	0.02598	0.02806	-0.04753	0.01694	0.11809
montanus_SG_FFS	montanus	SG	FFS	0	32	32	2	6.25000	2.43750	0.70565	0.14850	0.97656	0.00951	0.01724	0.04688	0.03805	0.03448	0.95312	0.03805	0.03448	0.02734	0.01183	0.01923	0.97266	0.01183	0.01923	0.03646	0.02103	0.02564	-0.01562	0.00781	0.14850
montanus_IGG_FFS	montanus	IGG	FFS	0	26	26	3	11.53846	1.38462	0.24615	0.09730	0.95192	0.02010	0.02780	0.09615	0.08038	0.05560	0.90385	0.08038	0.05560	0.05288	0.02272	0.02956	0.94712	0.02272	0.02956	0.09615	0.08038	0.05560	0.00000	0.00000	0.09730
cinereus_IGG_Blood	cinereus	IGG	Blood	0	28	28	3	10.71429	1.75000	0.19444	0.08333	0.96429	0.01257	0.02118	0.03571	0.01720	0.02478	0.96429	0.01720	0.02478	0.04464	0.01761	0.02508	0.95536	0.01761	0.02508	0.05952	0.03131	0.03344	0.03571	0.03571	0.08333
yonahlossee_SG_Fresh	yonahlossee	SG	Fresh	0	33	33	4	12.12121	1.00000	0.00000	0.00000	0.93939	0.02746	0.02885	0.12121	0.10985	0.05770	0.87879	0.10985	0.05770	0.06061	0.02746	0.02885	0.93939	0.02746	0.02885	0.12121	0.10985	0.05770	0.00000	0.00000	0.00000
yonahlossee_IGG_Fresh	yonahlossee	IGG	Fresh	0	33	33	5	15.15152	3.21212	0.29735	0.09492	0.93434	0.02767	0.02896	0.13131	0.11069	0.05792	0.86869	0.11069	0.05792	0.06902	0.02875	0.02952	0.93098	0.02875	0.02952	0.08283	0.04140	0.03542	-0.08081	0.04882	0.09492
glutinosus_SG_Fresh	glutinosus	SG	Fresh	1	33	33	5	15.15152	2.00000	0.00000	0.00000	0.95455	0.01349	0.02022	0.09091	0.05398	0.04044	0.90909	0.05398	0.04044	0.06061	0.02160	0.02559	0.93939	0.02160	0.02559	0.08081	0.03840	0.03411	-0.01515	0.00758	0.00000
yonahlossee_SG_Blood	yonahlossee	SG	Blood	0	28	28	4	14.28571	1.39286	0.24735	0.09399	0.93750	0.02604	0.03050	0.12500	0.10417	0.06099	0.87500	0.10417	0.06099	0.06696	0.02834	0.03181	0.93304	0.02834	0.03181	0.12500	0.10417	0.06099	0.00000	0.00000	0.09399
cylindraceus_IGG_Blood	cylindraceus	IGG	Blood	0	6	6	0	0.00000	1.00000	0.00000	0.00000	1.00000	0.00000	0.00000	0.00000	0.00000	0.00000	1.00000	0.00000	0.00000	0.00000	0.00000	0.00000	1.00000	0.00000	0.00000	0.00000	0.00000	0.00000	0.00000	0.00000	0.00000
glutinosus_SG_FFS	glutinosus	SG	FFS	0	19	19	1	5.26316	1.21053	0.17544	0.09609	0.97368	0.01316	0.02632	0.05263	0.05263	0.05263	0.94737	0.05263	0.05263	0.02632	0.01316	0.02632	0.97368	0.01316	0.02632	0.05263	0.05263	0.05263	0.00000	0.00000	0.09609
welleri_IGG_FFS	welleri	IGG	FFS	7	31	31	0	0.00000	1.58065	0.25161	0.09009	1.00000	0.00000	0.00000	0.00000	0.00000	0.00000	1.00000	0.00000	0.00000	0.00000	0.00000	0.00000	1.00000	0.00000	0.00000	0.00000	0.00000	0.00000	0.00000	0.00000	0.09009
cinereus_IGG_FFS	cinereus	IGG	FFS	1	28	28	4	14.28571	3.35714	0.90476	0.17976	0.95833	0.01106	0.01987	0.03571	0.01720	0.02478	0.96429	0.01720	0.02478	0.05853	0.02150	0.02771	0.94147	0.02150	0.02771	0.06871	0.02978	0.03261	0.05952	0.07246	0.17976
cylindraceus_IGG_Fresh	cylindraceus	IGG	Fresh	0	33	33	1	3.03030	2.30303	0.46780	0.11906	0.98990	0.00337	0.01010	0.02020	0.01347	0.02020	0.97980	0.01347	0.02020	0.01347	0.00599	0.01347	0.98653	0.00599	0.01347	0.01616	0.00862	0.01616	-0.00758	0.00189	0.11906
cinereus_SG_FFS	cinereus	SG	FFS	0	24	24	0	0.00000	3.37500	2.50543	0.32310	1.00000	0.00000	0.00000	0.00000	0.00000	0.00000	1.00000	0.00000	0.00000	0.00000	0.00000	0.00000	1.00000	0.00000	0.00000	0.00000	0.00000	0.00000	0.00000	0.00000	0.32310
cylindraceus_IGG_FFS	cylindraceus	IGG	FFS	0	30	30	2	6.66667	2.13333	0.67126	0.14958	0.97500	0.01013	0.01838	0.05000	0.04052	0.03675	0.95000	0.04052	0.03675	0.02917	0.01259	0.02049	0.97083	0.01259	0.02049	0.03889	0.02238	0.02731	-0.01667	0.00833	0.14958
montanus_SG_Fresh	montanus	SG	Fresh	1	33	33	4	12.12121	6.96970	0.03030	0.03030	0.96537	0.01216	0.01919	0.06061	0.03958	0.03463	0.93939	0.03958	0.03463	0.04329	0.01656	0.02240	0.95671	0.01656	0.02240	0.04662	0.01921	0.02413	-0.02744	0.02377	0.03030
yonahlossee_SG_FFS	yonahlossee	SG	FFS	0	33	33	3	9.09091	1.00000	0.00000	0.00000	0.95455	0.02131	0.02541	0.09091	0.08523	0.05082	0.90909	0.08523	0.05082	0.04545	0.02131	0.02541	0.95455	0.02131	0.02541	0.09091	0.08523	0.05082	0.00000	0.00000	0.00000
montanus_IGG_Fresh	montanus	IGG	Fresh	0	33	33	4	12.12121	3.72727	0.64205	0.13948	0.96212	0.01165	0.01879	0.05556	0.03545	0.03277	0.94444	0.03545	0.03277	0.05029	0.01971	0.02444	0.94971	0.01971	0.02444	0.05873	0.02674	0.02847	0.00606	0.04121	0.13948
yonahlossee_IGG_FFS	yonahlossee	IGG	FFS	0	33	33	5	15.15152	4.42424	0.25189	0.08737	0.93485	0.02601	0.02808	0.13030	0.10405	0.05615	0.86970	0.10405	0.05615	0.07136	0.02978	0.03004	0.92864	0.02978	0.03004	0.07965	0.03702	0.03349	-0.09293	0.05977	0.08737
yonahlossee_IGG_Blood	yonahlossee	IGG	Blood	0	33	33	7	21.21212	6.57576	0.43939	0.11539	0.93651	0.02238	0.02604	0.12698	0.08952	0.05208	0.87302	0.08952	0.05208	0.07552	0.02734	0.02878	0.92448	0.02734	0.02878	0.08144	0.03176	0.03102	-0.08739	0.05674	0.11539
glutinosus_SG_Blood	glutinosus	SG	Blood	0	32	32	4	12.50000	1.81250	0.15726	0.07010	0.95312	0.01789	0.02365	0.09375	0.07157	0.04729	0.90625	0.07157	0.04729	0.05469	0.02211	0.02629	0.94531	0.02211	0.02629	0.07292	0.03931	0.03505	-0.03125	0.01512	0.07010
montanus_SG_FFS	montanus	SG	FFS	0	15	15	0	0.00000	1.26667	0.20952	0.11819	1.00000	0.00000	0.00000	0.00000	0.00000	0.00000	1.00000	0.00000	0.00000	0.00000	0.00000	0.00000	1.00000	0.00000	0.00000	0.00000	0.00000	0.00000	0.00000	0.00000	0.11819
montanus_IGG_FFS	montanus	IGG	FFS	0	30	30	3	10.00000	1.93333	0.96092	0.17897	0.95833	0.01760	0.02422	0.05000	0.04052	0.03675	0.95000	0.04052	0.03675	0.04583	0.01992	0.02577	0.95417	0.01992	0.02577	0.06111	0.03541	0.03436	0.01667	0.04282	0.17897
cinereus_IGG_Blood	cinereus	IGG	Blood	1	28	28	2	7.14286	1.96429	0.03571	0.03571	0.98214	0.00430	0.01239	0.03571	0.01720	0.02478	0.96429	0.01720	0.02478	0.02679	0.00967	0.01859	0.97321	0.00967	0.01859	0.03571	0.01720	0.02478	0.00000	0.00000	0.03571
yonahlossee_SG_Fresh	yonahlossee	SG	Fresh	0	33	33	4	12.12121	2.00000	0.00000	0.00000	0.94697	0.02249	0.02611	0.10606	0.08996	0.05221	0.89394	0.08996	0.05221	0.05682	0.02450	0.02725	0.94318	0.02450	0.02725	0.07576	0.04356	0.03633	-0.04545	0.02131	0.00000
yonahlossee_IGG_Fresh	yonahlossee	IGG	Fresh	0	33	33	5	15.15152	2.93939	0.05871	0.04218	0.93434	0.02767	0.02896	0.13131	0.11069	0.05792	0.86869	0.11069	0.05792	0.06902	0.02875	0.02952	0.93098	0.02875	0.02952	0.08283	0.04140	0.03542	-0.08081	0.04882	0.04218
glutinosus_SG_Fresh	glutinosus	SG	Fresh	0	33	33	5	15.15152	1.93939	0.05871	0.04218	0.95455	0.01349	0.02022	0.09091	0.05398	0.04044	0.90909	0.05398	0.04044	0.06061	0.02160	0.02559	0.93939	0.02160	0.02559	0.08081	0.03840	0.03411	-0.01515	0.00758	0.04218
yonahlossee_SG_Blood	yonahlossee	SG	Blood	0	33	33	5	15.15152	2.18182	0.46591	0.11882	0.93687	0.02475	0.02739	0.12626	0.09901	0.05478	0.87374	0.09901	0.05478	0.07029	0.02891	0.02960	0.92971	0.02891	0.02960	0.09192	0.04965	0.03879	-0.05303	0.02249	0.11882
cylindraceus_IGG_Blood	cylindraceus	IGG	Blood	0	33	33	1	3.03030	1.00000	0.00000	0.00000	0.98485	0.00758	0.01515	0.03030	0.03030	0.03030	0.96970	0.03030	0.03030	0.01515	0.00758	0.01515	0.98485	0.00758	0.01515	0.03030	0.03030	0.03030	0.00000	0.00000	0.00000
glutinosus_SG_FFS	glutinosus	SG	FFS	0	18	18	3	16.66667	1.66667	1.64706	0.30250	0.91667	0.03676	0.04519	0.16667	0.14706	0.09039	0.83333	0.14706	0.09039	0.08333	0.03676	0.04519	0.91667	0.03676	0.04519	0.16667	0.14706	0.09039	0.00000	0.00000	0.30250
welleri_IGG_FFS	welleri	IGG	FFS	7	33	33	3	9.09091	1.84848	0.13258	0.06338	0.95455	0.02131	0.02541	0.06061	0.05871	0.04218	0.93939	0.05871	0.04218	0.04545	0.02131	0.02541	0.95455	0.02131	0.02541	0.07071	0.05387	0.04040	0.01515	0.03883	0.06338
cinereus_IGG_FFS	cinereus	IGG	FFS	1	28	28	3	10.71429	5.46429	1.81349	0.25449	0.98554	0.00203	0.00851	0.02891	0.00812	0.01703	0.97109	0.00812	0.01703	0.02458	0.00574	0.01432	0.97542	0.00574	0.01432	0.02675	0.00682	0.01560	-0.00714	0.00069	0.25449
cylindraceus_IGG_Fresh	cylindraceus	IGG	Fresh	0	33	33	1	3.03030	2.30303	0.46780	0.11906	0.98990	0.00337	0.01010	0.02020	0.01347	0.02020	0.97980	0.01347	0.02020	0.01347	0.00599	0.01347	0.98653	0.00599	0.01347	0.01616	0.00862	0.01616	-0.00758	0.00189	0.11906
cinereus_SG_FFS	cinereus	SG	FFS	0	32	32	0	0.00000	3.40625	4.50706	0.37529	1.00000	0.00000	0.00000	0.00000	0.00000	0.00000	1.00000	0.00000	0.00000	0.00000	0.00000	0.00000	1.00000	0.00000	0.00000	0.00000	0.00000	0.00000	0.00000	0.00000	0.37529
cylindraceus_IGG_FFS	cylindraceus	IGG	FFS	0	32	32	1	3.12500	2.25000	0.45161	0.11880	0.98438	0.00781	0.01562	0.03125	0.03125	0.03125	0.96875	0.03125	0.03125	0.01562	0.00781	0.01562	0.98438	0.00781	0.01562	0.02083	0.01389	0.02083	-0.01562	0.00781	0.11880
montanus_SG_Fresh	montanus	SG	Fresh	0	33	33	5	15.15152	3.96970	0.03030	0.03030	0.96212	0.01122	0.01844	0.07576	0.04486	0.03687	0.92424	0.04486	0.03687	0.05114	0.01690	0.02263	0.94886	0.01690	0.02263	0.05844	0.02207	0.02586	-0.03283	0.01820	0.03030
yonahlossee_SG_FFS	yonahlossee	SG	FFS	0	33	33	4	12.12121	1.00000	0.00000	0.00000	0.93939	0.02746	0.02885	0.12121	0.10985	0.05770	0.87879	0.10985	0.05770	0.06061	0.02746	0.02885	0.93939	0.02746	0.02885	0.12121	0.10985	0.05770	0.00000	0.00000	0.00000
montanus_IGG_Fresh	montanus	IGG	Fresh	0	33	33	3	9.09091	2.72727	0.20455	0.07873	0.96212	0.01610	0.02209	0.07576	0.06439	0.04417	0.92424	0.06439	0.04417	0.04167	0.01823	0.02350	0.95833	0.01823	0.02350	0.05152	0.02758	0.02891	-0.04040	0.02609	0.07873
yonahlossee_IGG_FFS	yonahlossee	IGG	FFS	0	33	33	5	15.15152	4.48485	1.32008	0.20001	0.93182	0.02754	0.02889	0.13636	0.11016	0.05778	0.86364	0.11016	0.05778	0.07365	0.03140	0.03085	0.92635	0.03140	0.03085	0.08182	0.03867	0.03423	-0.10065	0.06681	0.20001
yonahlossee_IGG_Blood	yonahlossee	IGG	Blood	0	33	33	5	15.15152	4.63636	0.42614	0.11364	0.95076	0.01580	0.02188	0.09848	0.06320	0.04376	0.90152	0.06320	0.04376	0.06299	0.02452	0.02726	0.93701	0.02452	0.02726	0.07020	0.03034	0.03032	-0.05411	0.02297	0.11364
glutinosus_SG_Blood	glutinosus	SG	Blood	0	33	33	6	18.18182	3.87879	0.10985	0.05770	0.95455	0.01154	0.01870	0.09091	0.04616	0.03740	0.90909	0.04616	0.03740	0.06439	0.02124	0.02537	0.93561	0.02124	0.02537	0.07359	0.02774	0.02899	-0.03434	0.01052	0.05770
montanus_SG_FFS	montanus	SG	FFS	0	32	32	2	6.25000	4.00000	2.32258	0.26941	0.97396	0.01095	0.01850	0.05208	0.04379	0.03699	0.94792	0.04379	0.03699	0.02951	0.01354	0.02057	0.97049	0.01354	0.02057	0.03542	0.01949	0.02468	-0.02865	0.01551	0.26941
montanus_IGG_FFS	montanus	IGG	FFS	0	27	27	3	11.11111	1.74074	1.12251	0.20390	0.95370	0.01941	0.02681	0.09259	0.07764	0.05362	0.90741	0.07764	0.05362	0.05093	0.02195	0.02851	0.94907	0.02195	0.02851	0.09259	0.07764	0.05362	0.00000	0.00000	0.20390
cinereus_IGG_Blood	cinereus	IGG	Blood	0	28	28	4	14.28571	1.71429	0.21164	0.08694	0.94643	0.02017	0.02684	0.07143	0.05026	0.04237	0.92857	0.05026	0.04237	0.06250	0.02488	0.02981	0.93750	0.02488	0.02981	0.08333	0.04424	0.03975	0.01786	0.04597	0.08694
yonahlossee_SG_Fresh	yonahlossee	SG	Fresh	0	33	33	4	12.12121	1.00000	0.00000	0.00000	0.93939	0.02746	0.02885	0.12121	0.10985	0.05770	0.87879	0.10985	0.05770	0.06061	0.02746	0.02885	0.93939	0.02746	0.02885	0.12121	0.10985	0.05770	0.00000	0.00000	0.00000
yonahlossee_IGG_Fresh	yonahlossee	IGG	Fresh	0	33	32	4	12.12121	1.30303	0.21780	0.08124	0.93939	0.02746	0.02885	0.12121	0.10985	0.05770	0.87879	0.10985	0.05770	0.06061	0.02746	0.02885	0.93939	0.02746	0.02885	0.12121	0.10985	0.05770	0.00000	0.00000	0.08124
glutinosus_SG_Fresh	glutinosus	SG	Fresh	1	33	32	2	6.06061	1.93939	0.05871	0.04218	0.96970	0.01468	0.02109	0.06061	0.05871	0.04218	0.93939	0.05871	0.04218	0.03030	0.01468	0.02109	0.96970	0.01468	0.02109	0.04040	0.02609	0.02812	-0.03030	0.01468	0.04218
yonahlossee_SG_Blood	yonahlossee	SG	Blood	0	31	30	5	16.12903	2.06452	0.39570	0.11298	0.93280	0.02612	0.02903	0.13441	0.10448	0.05805	0.86559	0.10448	0.05805	0.07482	0.03049	0.03136	0.92518	0.03049	0.03136	0.09785	0.05237	0.04110	-0.05645	0.02379	0.11298
cylindraceus_IGG_Blood	cylindraceus	IGG	Blood	0	33	32	1	3.03030	1.18182	0.15341	0.06818	0.98485	0.00758	0.01515	0.03030	0.03030	0.03030	0.96970	0.03030	0.03030	0.01515	0.00758	0.01515	0.98485	0.00758	0.01515	0.03030	0.03030	0.03030	0.00000	0.00000	0.06818
glutinosus_SG_FFS	glutinosus	SG	FFS	0	13	13	3	23.07692	1.00000	0.00000	0.00000	0.88462	0.04808	0.06081	0.23077	0.19231	0.12163	0.76923	0.19231	0.12163	0.11538	0.04808	0.06081	0.88462	0.04808	0.06081	0.23077	0.19231	0.12163	0.00000	0.00000	0.00000
welleri_IGG_FFS	welleri	IGG	FFS	6	33	32	4	12.12121	2.60606	0.55871	0.13012	0.96465	0.01000	0.01740	0.01010	0.00337	0.01010	0.98990	0.00337	0.01010	0.04882	0.01847	0.02366	0.95118	0.01847	0.02366	0.05859	0.02660	0.02839	0.09091	0.08523	0.13012
cinereus_IGG_FFS	cinereus	IGG	FFS	0	28	27	2	7.14286	2.75000	0.19444	0.08333	0.98810	0.00191	0.00826	0.02381	0.00764	0.01652	0.97619	0.00764	0.01652	0.01984	0.00531	0.01377	0.98016	0.00531	0.01377	0.02381	0.00764	0.01652	0.00000	0.00000	0.08333
cylindraceus_IGG_Fresh	cylindraceus	IGG	Fresh	0	29	28	1	3.44828	1.48276	0.25862	0.09443	0.99138	0.00216	0.00862	0.01724	0.00862	0.01724	0.98276	0.00862	0.01724	0.01293	0.00485	0.01293	0.98707	0.00485	0.01293	0.01724	0.00862	0.01724	0.00000	0.00000	0.09443
cinereus_SG_FFS	cinereus	SG	FFS	0	31	30	0	0.00000	2.25806	1.19785	0.19657	1.00000	0.00000	0.00000	0.00000	0.00000	0.00000	1.00000	0.00000	0.00000	0.00000	0.00000	0.00000	1.00000	0.00000	0.00000	0.00000	0.00000	0.00000	0.00000	0.00000	0.19657
cylindraceus_IGG_FFS	cylindraceus	IGG	FFS	0	22	22	2	9.09091	1.54545	0.25974	0.10866	0.95455	0.02165	0.03137	0.09091	0.08658	0.06273	0.90909	0.08658	0.06273	0.04545	0.02165	0.03137	0.95455	0.02165	0.03137	0.09091	0.08658	0.06273	0.00000	0.00000	0.10866
montanus_SG_Fresh	montanus	SG	Fresh	0	33	32	4	12.12121	3.00000	0.00000	0.00000	0.95455	0.01783	0.02325	0.07071	0.06082	0.04293	0.92929	0.06082	0.04293	0.05219	0.02140	0.02547	0.94781	0.02140	0.02547	0.06263	0.03082	0.03056	-0.01010	0.05892	0.00000
yonahlossee_SG_FFS	yonahlossee	SG	FFS	0	0	0	0	nan	nan	-0.00000	nan	nan	-0.00000	nan	nan	-0.00000	nan	nan	-0.00000	nan	nan	-0.00000	nan	nan	-0.00000	nan	nan	-0.00000	nan	nan	-0.00000	nan
montanus_IGG_Fresh	montanus	IGG	Fresh	0	33	32	3	9.09091	2.42424	0.25189	0.08737	0.96465	0.01347	0.02020	0.04040	0.02609	0.02812	0.95960	0.02609	0.02812	0.04209	0.01833	0.02357	0.95791	0.01833	0.02357	0.05253	0.02882	0.02955	0.01515	0.03492	0.08737
yonahlossee_IGG_FFS	yonahlossee	IGG	FFS	0	33	32	5	15.15152	2.75758	0.68939	0.14454	0.93561	0.02551	0.02780	0.12879	0.10204	0.05561	0.87121	0.10204	0.05561	0.07102	0.02950	0.02990	0.92898	0.02950	0.02990	0.08333	0.04023	0.03492	-0.08030	0.05108	0.14454
yonahlossee_IGG_Blood	yonahlossee	IGG	Blood	0	33	32	4	12.12121	1.57576	0.25189	0.08737	0.95455	0.01740	0.02296	0.09091	0.06960	0.04593	0.90909	0.06960	0.04593	0.05303	0.02151	0.02553	0.94697	0.02151	0.02553	0.07071	0.03825	0.03404	-0.03030	0.01468	0.08737
glutinosus_SG_Blood	glutinosus	SG	Blood	0	32	31	5	15.62500	1.87500	0.11290	0.05940	0.94531	0.01909	0.02442	0.10938	0.07636	0.04885	0.89062	0.07636	0.04885	0.06641	0.02519	0.02805	0.93359	0.02519	0.02805	0.08854	0.04477	0.03741	-0.03125	0.01512	0.05940
montanus_SG_FFS	montanus	SG	FFS	0	32	31	2	6.25000	2.84375	1.61996	0.22500	0.97656	0.00951	0.01724	0.04688	0.03805	0.03448	0.95312	0.03805	0.03448	0.02734	0.01183	0.01923	0.97266	0.01183	0.01923	0.03646	0.02103	0.02564	-0.01562	0.00781	0.22500
montanus_IGG_FFS	montanus	IGG	FFS	0	27	26	4	14.81481	2.00000	1.15385	0.20672	0.94444	0.02083	0.02778	0.11111	0.08333	0.05556	0.88889	0.08333	0.05556	0.06481	0.02569	0.03084	0.93519	0.02569	0.03084	0.11111	0.08333	0.05556	0.00000	0.00000	0.20672
cinereus_IGG_Blood	cinereus	IGG	Blood	1	27	26	2	7.40741	1.03704	0.03704	0.03704	0.96296	0.01781	0.02568	0.07407	0.07123	0.05136	0.92593	0.07123	0.05136	0.03704	0.01781	0.02568	0.96296	0.01781	0.02568	0.07407	0.07123	0.05136	0.00000	0.00000	0.03704
yonahlossee_SG_Fresh	yonahlossee	SG	Fresh	0	33	32	4	12.12121	2.00000	0.00000	0.00000	0.94697	0.02249	0.02611	0.10606	0.08996	0.05221	0.89394	0.08996	0.05221	0.05682	0.02450	0.02725	0.94318	0.02450	0.02725	0.07576	0.04356	0.03633	-0.04545	0.02131	0.00000
yonahlossee_IGG_Fresh	yonahlossee	IGG	Fresh	0	24	24	4	16.66667	1.37500	0.24457	0.10095	0.91667	0.03623	0.03885	0.16667	0.14493	0.07771	0.83333	0.14493	0.07771	0.08333	0.03623	0.03885	0.91667	0.03623	0.03885	0.16667	0.14493	0.07771	0.00000	0.00000	0.10095
glutinosus_SG_Fresh	glutinosus	SG	Fresh	1	33	33	5	15.15152	1.93939	0.05871	0.04218	0.95455	0.01349	0.02022	0.09091	0.05398	0.04044	0.90909	0.05398	0.04044	0.06061	0.02160	0.02559	0.93939	0.02160	0.02559	0.08081	0.03840	0.03411	-0.01515	0.00758	0.04218
yonahlossee_SG_Blood	yonahlossee	SG	Blood	0	33	33	6	18.18182	2.09091	0.33523	0.10079	0.91667	0.03385	0.03203	0.16667	0.13542	0.06406	0.83333	0.13542	0.06406	0.08712	0.03563	0.03286	0.91288	0.03563	0.03286	0.12424	0.07606	0.04801	-0.06566	0.03288	0.10079
cylindraceus_IGG_Blood	cylindraceus	IGG	Blood	0	33	33	1	3.03030	1.00000	0.00000	0.00000	0.98485	0.00758	0.01515	0.03030	0.03030	0.03030	0.96970	0.03030	0.03030	0.01515	0.00758	0.01515	0.98485	0.00758	0.01515	0.03030	0.03030	0.03030	0.00000	0.00000	0.00000
glutinosus_SG_FFS	glutinosus	SG	FFS	0	15	15	3	20.00000	1.80000	0.45714	0.17457	0.93333	0.02202	0.03832	0.13333	0.08810	0.07664	0.86667	0.08810	0.07664	0.08333	0.03051	0.04510	0.91667	0.03051	0.04510	0.13333	0.08810	0.07664	0.00000	0.00000	0.17457
welleri_IGG_FFS	welleri	IGG	FFS	6	33	33	3	9.09091	5.18182	1.21591	0.19195	0.98384	0.00272	0.00907	0.02222	0.00796	0.01553	0.97778	0.00796	0.01553	0.02653	0.00730	0.01487	0.97347	0.00730	0.01487	0.03006	0.00936	0.01684	0.02652	0.03101	0.19195
cinereus_IGG_FFS	cinereus	IGG	FFS	1	28	28	6	21.42857	7.10714	3.13624	0.33468	0.97474	0.00286	0.01010	0.03139	0.00771	0.01660	0.96861	0.00771	0.01660	0.04374	0.00828	0.01720	0.95626	0.00828	0.01720	0.04676	0.00947	0.01839	0.06338	0.07097	0.33468
cylindraceus_IGG_Fresh	cylindraceus	IGG	Fresh	0	33	33	1	3.03030	2.81818	0.21591	0.08089	0.98485	0.00758	0.01515	0.03030	0.03030	0.03030	0.96970	0.03030	0.03030	0.01515	0.00758	0.01515	0.98485	0.00758	0.01515	0.01818	0.01091	0.01818	-0.02020	0.01347	0.08089
cinereus_SG_FFS	cinereus	SG	FFS	0	23	23	0	0.00000	1.34783	0.23715	0.10154	1.00000	0.00000	0.00000	0.00000	0.00000	0.00000	1.00000	0.00000	0.00000	0.00000	0.00000	0.00000	1.00000	0.00000	0.00000	0.00000	0.00000	0.00000	0.00000	0.00000	0.10154
cylindraceus_IGG_FFS	cylindraceus	IGG	FFS	0	31	31	2	6.45161	2.61290	0.31183	0.10029	0.97849	0.00878	0.01683	0.04301	0.03513	0.03366	0.95699	0.03513	0.03366	0.02509	0.01025	0.01819	0.97491	0.01025	0.01819	0.03011	0.01477	0.02183	-0.02151	0.01434	0.10029
montanus_SG_Fresh	montanus	SG	Fresh	0	33	33	3	9.09091	4.00000	0.00000	0.00000	0.96970	0.01175	0.01887	0.04545	0.03303	0.03164	0.95455	0.03303	0.03164	0.03598	0.01484	0.02121	0.96402	0.01484	0.02121	0.04113	0.01938	0.02423	-0.00657	0.02642	0.00000
yonahlossee_SG_FFS	yonahlossee	SG	FFS	0	33	33	3	9.09091	1.00000	0.00000	0.00000	0.95455	0.02131	0.02541	0.09091	0.08523	0.05082	0.90909	0.08523	0.05082	0.04545	0.02131	0.02541	0.95455	0.02131	0.02541	0.09091	0.08523	0.05082	0.00000	0.00000	0.00000
montanus_IGG_Fresh	montanus	IGG	Fresh	0	33	33	3	9.09091	2.72727	0.20455	0.07873	0.97222	0.00810	0.01567	0.05556	0.03241	0.03134	0.94444	0.03241	0.03134	0.03830	0.01523	0.02148	0.96170	0.01523	0.02148	0.04747	0.02327	0.02655	-0.01515	0.00367	0.07873
yonahlossee_IGG_FFS	yonahlossee	IGG	FFS	0	33	33	5	15.15152	4.72727	0.20455	0.07873	0.93561	0.02746	0.02885	0.12879	0.10985	0.05770	0.87121	0.10985	0.05770	0.06723	0.02808	0.02917	0.93277	0.02808	0.02917	0.07492	0.03475	0.03245	-0.09697	0.07030	0.07873
yonahlossee_IGG_Blood	yonahlossee	IGG	Blood	0	33	33	5	15.15152	7.63636	0.42614	0.11364	0.94643	0.01843	0.02363	0.10714	0.07372	0.04726	0.89286	0.07372	0.04726	0.06566	0.02630	0.02823	0.93434	0.02630	0.02823	0.07011	0.02996	0.03013	-0.07323	0.03809	0.11364
glutinosus_SG_Blood	glutinosus	SG	Blood	0	33	33	5	15.15152	3.81818	0.21591	0.08089	0.94697	0.01761	0.02310	0.10606	0.07043	0.04620	0.89394	0.07043	0.04620	0.06629	0.02580	0.02796	0.93371	0.02580	0.02796	0.07576	0.03370	0.03196	-0.05707	0.02596	0.08089
montanus_SG_FFS	montanus	SG	FFS	0	32	32	2	6.25000	2.75000	1.29032	0.20080	0.97656	0.00951	0.01724	0.04688	0.03805	0.03448	0.95312	0.03805	0.03448	0.02734	0.01183	0.01923	0.97266	0.01183	0.01923	0.03646	0.02103	0.02564	-0.01562	0.00781	0.20080
montanus_IGG_FFS	montanus	IGG	FFS	0	26	26	3	11.53846	2.26923	1.96462	0.27489	0.96154	0.01346	0.02275	0.07692	0.05385	0.04551	0.92308	0.05385	0.04551	0.04808	0.01885	0.02692	0.95192	0.01885	0.02692	0.07692	0.05385	0.04551	0.00000	0.00000	0.27489
cinereus_IGG_Blood	cinereus	IGG	Blood	0	27	27	2	7.40741	1.00000	0.00000	0.00000	0.96296	0.01781	0.02568	0.07407	0.07123	0.05136	0.92593	0.07123	0.05136	0.03704	0.01781	0.02568	0.96296	0.01781	0.02568	0.07407	0.07123	0.05136	0.00000	0.00000	0.00000
yonahlossee_SG_Fresh	yonahlossee	SG	Fresh	0	33	33	4	12.12121	2.00000	0.00000	0.00000	0.94697	0.02249	0.02611	0.10606	0.08996	0.05221	0.89394	0.08996	0.05221	0.05682	0.02450	0.02725	0.94318	0.02450	0.02725	0.07576	0.04356	0.03633	-0.04545	0.02131	0.00000
yonahlossee_IGG_Fresh	yonahlossee	IGG	Fresh	0	33	32	5	15.15152	1.93939	0.62121	0.13720	0.93939	0.02356	0.02672	0.12121	0.09422	0.05343	0.87879	0.09422	0.05343	0.06818	0.02743	0.02883	0.93182	0.02743	0.02883	0.09091	0.04877	0.03844	-0.04545	0.02131	0.13720
glutinosus_SG_Fresh	glutinosus	SG	Fresh	1	33	32	5	15.15152	1.93939	0.05871	0.04218	0.95455	0.01349	0.02022	0.09091	0.05398	0.04044	0.90909	0.05398	0.04044	0.06061	0.02160	0.02559	0.93939	0.02160	0.02559	0.08081	0.03840	0.03411	-0.01515	0.00758	0.04218
yonahlossee_SG_Blood	yonahlossee	SG	Blood	0	33	32	6	18.18182	2.09091	0.33523	0.10079	0.91667	0.03385	0.03203	0.16667	0.13542	0.06406	0.83333	0.13542	0.06406	0.08712	0.03563	0.03286	0.91288	0.03563	0.03286	0.12424	0.07606	0.04801	-0.06566	0.03288	0.10079
cylindraceus_IGG_Blood	cylindraceus	IGG	Blood	0	33	32	1	3.03030	1.18182	0.15341	0.06818	0.98485	0.00758	0.01515	0.03030	0.03030	0.03030	0.96970	0.03030	0.03030	0.01515	0.00758	0.01515	0.98485	0.00758	0.01515	0.03030	0.03030	0.03030	0.00000	0.00000	0.06818
glutinosus_SG_FFS	glutinosus	SG	FFS	0	14	14	1	7.14286	1.14286	0.13187	0.09705	0.96429	0.01786	0.03571	0.07143	0.07143	0.07143	0.92857	0.07143	0.07143	0.03571	0.01786	0.03571	0.96429	0.01786	0.03571	0.07143	0.07143	0.07143	0.00000	0.00000	0.09705
welleri_IGG_FFS	welleri	IGG	FFS	6	33	32	5	15.15152	5.42424	0.56439	0.13078	0.97500	0.00370	0.01059	0.01970	0.00655	0.01409	0.98030	0.00655	0.01409	0.04158	0.01015	0.01753	0.95842	0.01015	0.01753	0.04590	0.01234	0.01934	0.08712	0.08641	0.13078
cinereus_IGG_FFS	cinereus	IGG	FFS	0	28	27	4	14.28571	2.71429	0.28571	0.10102	0.96429	0.00897	0.01789	0.02381	0.00764	0.01652	0.97619	0.00764	0.01652	0.05159	0.01759	0.02506	0.94841	0.01759	0.02506	0.06190	0.02533	0.03008	0.07143	0.06878	0.10102
cylindraceus_IGG_Fresh	cylindraceus	IGG	Fresh	0	31	30	1	3.22581	1.45161	0.25591	0.09086	0.99194	0.00202	0.00806	0.01613	0.00806	0.01613	0.98387	0.00806	0.01613	0.01210	0.00454	0.01210	0.98790	0.00454	0.01210	0.01613	0.00806	0.01613	0.00000	0.00000	0.09086
cinereus_SG_FFS	cinereus	SG	FFS	0	15	14	0	0.00000	1.00000	0.00000	0.00000	1.00000	0.00000	0.00000	0.00000	0.00000	0.00000	1.00000	0.00000	0.00000	0.00000	0.00000	0.00000	1.00000	0.00000	0.00000	0.00000	0.00000	0.00000	0.00000	0.00000	0.00000
cylindraceus_IGG_FFS	cylindraceus	IGG	FFS	0	30	29	2	6.66667	1.60000	0.24828	0.09097	0.97500	0.01013	0.01838	0.05000	0.04052	0.03675	0.95000	0.04052	0.03675	0.02917	0.01259	0.02049	0.97083	0.01259	0.02049	0.03889	0.02238	0.02731	-0.01667	0.00833	0.09097
montanus_SG_Fresh	montanus	SG	Fresh	1	33	32	5	15.15152	6.96970	0.03030	0.03030	0.96104	0.01310	0.01993	0.06926	0.04352	0.03632	0.93074	0.04352	0.03632	0.04947	0.01818	0.02347	0.95053	0.01818	0.02347	0.05328	0.02109	0.02528	-0.03102	0.02533	0.03030
yonahlossee_SG_FFS	yonahlossee	SG	FFS	0	33	32	5	15.15152	2.18182	0.15341	0.06818	0.93182	0.02841	0.02934	0.10606	0.08996	0.05221	0.89394	0.08996	0.05221	0.07197	0.03030	0.03030	0.92803	0.03030	0.03030	0.09596	0.05387	0.04040	-0.01515	0.05445	0.06818
montanus_IGG_Fresh	montanus	IGG	Fresh	0	33	32	4	12.12121	4.72727	0.64205	0.13948	0.95682	0.01700	0.02270	0.05909	0.02866	0.02947	0.94091	0.02866	0.02947	0.04966	0.02009	0.02467	0.95034	0.02009	0.02467	0.05587	0.02539	0.02774	-0.00729	0.00318	0.13948
yonahlossee_IGG_FFS	yonahlossee	IGG	FFS	0	33	32	5	15.15152	3.33333	0.22917	0.08333	0.92929	0.02957	0.02993	0.14141	0.11827	0.05986	0.85859	0.11827	0.05986	0.07407	0.03176	0.03103	0.92593	0.03176	0.03103	0.08543	0.04218	0.03575	-0.09848	0.06226	0.08333
yonahlossee_IGG_Blood	yonahlossee	IGG	Blood	0	33	32	5	15.15152	7.18182	0.34091	0.10164	0.94733	0.01746	0.02300	0.10534	0.06984	0.04600	0.89466	0.06984	0.04600	0.06593	0.02610	0.02812	0.93407	0.02610	0.02812	0.07112	0.03033	0.03031	-0.06785	0.03233	0.10164
glutinosus_SG_Blood	glutinosus	SG	Blood	0	33	32	5	15.15152	4.15152	0.38258	0.10767	0.94924	0.01627	0.02220	0.10152	0.06508	0.04441	0.89848	0.06508	0.04441	0.06481	0.02465	0.02733	0.93519	0.02465	0.02733	0.07367	0.03186	0.03107	-0.05361	0.02390	0.10767
montanus_SG_FFS	montanus	SG	FFS	0	10	9	0	0.00000	1.00000	0.00000	0.00000	1.00000	0.00000	0.00000	0.00000	0.00000	0.00000	1.00000	0.00000	0.00000	0.00000	0.00000	0.00000	1.00000	0.00000	0.00000	0.00000	0.00000	0.00000	0.00000	0.00000	0.00000
montanus_IGG_FFS	montanus	IGG	FFS	0	7	6	1	14.28571	1.00000	0.00000	0.00000	0.92857	0.03571	0.07143	0.14286	0.14286	0.14286	0.85714	0.14286	0.14286	0.07143	0.03571	0.07143	0.92857	0.03571	0.07143	0.14286	0.14286	0.14286	0.00000	0.00000	0.00000
cinereus_IGG_Blood	cinereus	IGG	Blood	0	27	26	2	7.40741	1.03704	0.03704	0.03704	0.96296	0.01781	0.02568	0.07407	0.07123	0.05136	0.92593	0.07123	0.05136	0.03704	0.01781	0.02568	0.96296	0.01781	0.02568	0.07407	0.07123	0.05136	0.00000	0.00000	0.03704
yonahlossee_SG_Fresh	yonahlossee	SG	Fresh	0	33	32	4	12.12121	1.00000	0.00000	0.00000	0.93939	0.02746	0.02885	0.12121	0.10985	0.05770	0.87879	0.10985	0.05770	0.06061	0.02746	0.02885	0.93939	0.02746	0.02885	0.12121	0.10985	0.05770	0.00000	0.00000	0.00000
yonahlossee_IGG_Fresh	yonahlossee	IGG	Fresh	0	33	33	5	15.15152	2.24242	1.06439	0.17959	0.93939	0.02356	0.02672	0.12121	0.09422	0.05343	0.87879	0.09422	0.05343	0.06818	0.02743	0.02883	0.93182	0.02743	0.02883	0.09091	0.04877	0.03844	-0.04545	0.02131	0.17959
glutinosus_SG_Fresh	glutinosus	SG	Fresh	1	33	33	5	15.15152	2.00000	0.00000	0.00000	0.95455	0.01349	0.02022	0.09091	0.05398	0.04044	0.90909	0.05398	0.04044	0.06061	0.02160	0.02559	0.93939	0.02160	0.02559	0.08081	0.03840	0.03411	-0.01515	0.00758	0.00000
yonahlossee_SG_Blood	yonahlossee	SG	Blood	0	33	33	5	15.15152	1.84848	0.13258	0.06338	0.93939	0.02356	0.02672	0.12121	0.09422	0.05343	0.87879	0.09422	0.05343	0.06818	0.02743	0.02883	0.93182	0.02743	0.02883	0.09091	0.04877	0.03844	-0.04545	0.02131	0.06338
cylindraceus_IGG_Blood	cylindraceus	IGG	Blood	0	33	33	1	3.03030	1.00000	0.00000	0.00000	0.98485	0.00758	0.01515	0.03030	0.03030	0.03030	0.96970	0.03030	0.03030	0.01515	0.00758	0.01515	0.98485	0.00758	0.01515	0.03030	0.03030	0.03030	0.00000	0.00000	0.00000
glutinosus_SG_FFS	glutinosus	SG	FFS	0	10	10	0	0.00000	1.20000	0.17778	0.13333	1.00000	0.00000	0.00000	0.00000	0.00000	0.00000	1.00000	0.00000	0.00000	0.00000	0.00000	0.00000	1.00000	0.00000	0.00000	0.00000	0.00000	0.00000	0.00000	0.00000	0.13333
welleri_IGG_FFS	welleri	IGG	FFS	7	33	33	4	12.12121	2.57576	0.25189	0.08737	0.96212	0.01089	0.01817	0.01515	0.00758	0.01515	0.98485	0.00758	0.01515	0.05177	0.02015	0.02471	0.94823	0.02015	0.02471	0.06364	0.03030	0.03030	0.09091	0.08523	0.08737
cinereus_IGG_FFS	cinereus	IGG	FFS	1	28	28	3	10.71429	4.39286	2.09921	0.27381	0.98631	0.00191	0.00827	0.02738	0.00766	0.01654	0.97262	0.00766	0.01654	0.02331	0.00529	0.01375	0.97669	0.00529	0.01375	0.02579	0.00650	0.01524	-0.00446	0.00056	0.27381
cylindraceus_IGG_Fresh	cylindraceus	IGG	Fresh	0	33	33	1	3.03030	1.87879	0.10985	0.05770	0.98485	0.00758	0.01515	0.03030	0.03030	0.03030	0.96970	0.03030	0.03030	0.01515	0.00758	0.01515	0.98485	0.00758	0.01515	0.02020	0.01347	0.02020	-0.01515	0.00758	0.05770
cinereus_SG_FFS	cinereus	SG	FFS	0	31	31	0	0.00000	2.38710	1.37849	0.21087	1.00000	0.00000	0.00000	0.00000	0.00000	0.00000	1.00000	0.00000	0.00000	0.00000	0.00000	0.00000	1.00000	0.00000	0.00000	0.00000	0.00000	0.00000	0.00000	0.00000	0.21087
cylindraceus_IGG_FFS	cylindraceus	IGG	FFS	0	32	32	2	6.25000	2.46875	0.45060	0.11867	0.97917	0.00851	0.01631	0.04167	0.03405	0.03262	0.95833	0.03405	0.03262	0.02431	0.00994	0.01763	0.97569	0.00994	0.01763	0.02917	0.01432	0.02115	-0.02083	0.01389	0.11867
montanus_SG_Fresh	montanus	SG	Fresh	1	33	33	2	6.06061	3.00000	0.00000	0.00000	0.97475	0.01063	0.01795	0.05051	0.04251	0.03589	0.94949	0.04251	0.03589	0.02862	0.01314	0.01995	0.97138	0.01314	0.01995	0.03434	0.01892	0.02395	-0.02778	0.01505	0.00000
yonahlossee_SG_FFS	yonahlossee	SG	FFS	0	33	33	4	12.12121	1.00000	0.00000	0.00000	0.93939	0.02746	0.02885	0.12121	0.10985	0.05770	0.87879	0.10985	0.05770	0.06061	0.02746	0.02885	0.93939	0.02746	0.02885	0.12121	0.10985	0.05770	0.00000	0.00000	0.00000
montanus_IGG_Fresh	montanus	IGG	Fresh	1	33	33	3	9.09091	3.45455	0.75568	0.15133	0.97222	0.00886	0.01639	0.05556	0.03545	0.03277	0.94444	0.03545	0.03277	0.03683	0.01475	0.02114	0.96317	0.01475	0.02114	0.04257	0.01954	0.02433	-0.02424	0.00939	0.15133
yonahlossee_IGG_FFS	yonahlossee	IGG	FFS	0	33	33	5	15.15152	5.06061	0.62121	0.13720	0.93182	0.02841	0.02934	0.13636	0.11364	0.05868	0.86364	0.11364	0.05868	0.07197	0.03030	0.03030	0.92803	0.03030	0.03030	0.07910	0.03648	0.03325	-0.10606	0.07607	0.13720
yonahlossee_IGG_Blood	yonahlossee	IGG	Blood	0	33	33	7	21.21212	2.54545	0.25568	0.08802	0.91414	0.03320	0.03172	0.17172	0.13279	0.06343	0.82828	0.13279	0.06343	0.09259	0.03504	0.03259	0.90741	0.03504	0.03259	0.12121	0.06124	0.04308	-0.07576	0.03314	0.08802
glutinosus_SG_Blood	glutinosus	SG	Blood	0	32	32	5	15.62500	1.87500	0.11290	0.05940	0.94531	0.01909	0.02442	0.10938	0.07636	0.04885	0.89062	0.07636	0.04885	0.06641	0.02519	0.02805	0.93359	0.02519	0.02805	0.08854	0.04477	0.03741	-0.03125	0.01512	0.05940
montanus_SG_FFS	montanus	SG	FFS	0	27	27	1	3.70370	1.25926	0.19943	0.08594	0.98148	0.00926	0.01852	0.03704	0.03704	0.03704	0.96296	0.03704	0.03704	0.01852	0.00926	0.01852	0.98148	0.00926	0.01852	0.03704	0.03704	0.03704	0.00000	0.00000	0.08594
montanus_IGG_FFS	montanus	IGG	FFS	1	12	12	1	8.33333	1.00000	0.00000	0.00000	0.95833	0.02083	0.04167	0.08333	0.08333	0.08333	0.91667	0.08333	0.08333	0.04167	0.02083	0.04167	0.95833	0.02083	0.04167	0.08333	0.08333	0.08333	0.00000	0.00000	0.00000
cinereus_IGG_Blood	cinereus	IGG	Blood	0	28	28	3	10.71429	1.75000	0.19444	0.08333	0.96429	0.01257	0.02118	0.03571	0.01720	0.02478	0.96429	0.01720	0.02478	0.04464	0.01761	0.02508	0.95536	0.01761	0.02508	0.05952	0.03131	0.03344	0.03571	0.03571	0.08333
yonahlossee_SG_Fresh	yonahlossee	SG	Fresh	0	33	33	4	12.12121	1.00000	0.00000	0.00000	0.93939	0.02746	0.02885	0.12121	0.10985	0.05770	0.87879	0.10985	0.05770	0.06061	0.02746	0.02885	0.93939	0.02746	0.02885	0.12121	0.10985	0.05770	0.00000	0.00000	0.00000
yonahlossee_IGG_Fresh	yonahlossee	IGG	Fresh	0	33	33	5	15.15152	3.00000	0.00000	0.00000	0.93434	0.02767	0.02896	0.13131	0.11069	0.05792	0.86869	0.11069	0.05792	0.06902	0.02875	0.02952	0.93098	0.02875	0.02952	0.08283	0.04140	0.03542	-0.08081	0.04882	0.00000
glutinosus_SG_Fresh	glutinosus	SG	Fresh	0	33	33	2	6.06061	1.93939	0.05871	0.04218	0.96970	0.01468	0.02109	0.06061	0.05871	0.04218	0.93939	0.05871	0.04218	0.03030	0.01468	0.02109	0.96970	0.01468	0.02109	0.04040	0.02609	0.02812	-0.03030	0.01468	0.04218
yonahlossee_SG_Blood	yonahlossee	SG	Blood	0	33	33	6	18.18182	1.75758	0.18939	0.07576	0.91667	0.03385	0.03203	0.16667	0.13542	0.06406	0.83333	0.13542	0.06406	0.08712	0.03563	0.03286	0.91288	0.03563	0.03286	0.12626	0.07818	0.04867	-0.06061	0.02746	0.07576
cylindraceus_IGG_Blood	cylindraceus	IGG	Blood	0	33	33	1	3.03030	1.18182	0.15341	0.06818	0.98485	0.00758	0.01515	0.03030	0.03030	0.03030	0.96970	0.03030	0.03030	0.01515	0.00758	0.01515	0.98485	0.00758	0.01515	0.03030	0.03030	0.03030	0.00000	0.00000	0.06818
glutinosus_SG_FFS	glutinosus	SG	FFS	0	0	0	0	nan	nan	-0.00000	nan	nan	-0.00000	nan	nan	-0.00000	nan	nan	-0.00000	nan	nan	-0.00000	nan	nan	-0.00000	nan	nan	-0.00000	nan	nan	-0.00000	nan
welleri_IGG_FFS	welleri	IGG	FFS	6	33	33	4	12.12121	5.33333	0.66667	0.14213	0.98308	0.00224	0.00824	0.01364	0.00301	0.00955	0.98636	0.00301	0.00955	0.02892	0.00647	0.01400	0.97108	0.00647	0.01400	0.03200	0.00789	0.01546	0.06061	0.05871	0.14213
cinereus_IGG_FFS	cinereus	IGG	FFS	5	28	28	6	21.42857	5.28571	0.65608	0.15307	0.97262	0.00319	0.01068	0.03095	0.00666	0.01542	0.96905	0.00666	0.01542	0.04710	0.00920	0.01813	0.95290	0.00920	0.01813	0.05152	0.01099	0.01981	0.06786	0.06967	0.15307
cylindraceus_IGG_Fresh	cylindraceus	IGG	Fresh	0	33	33	1	3.03030	2.81818	0.21591	0.08089	0.98485	0.00758	0.01515	0.03030	0.03030	0.03030	0.96970	0.03030	0.03030	0.01515	0.00758	0.01515	0.98485	0.00758	0.01515	0.01818	0.01091	0.01818	-0.02020	0.01347	0.08089
cinereus_SG_FFS	cinereus	SG	FFS	0	28	28	0	0.00000	1.53571	0.25794	0.09598	1.00000	0.00000	0.00000	0.00000	0.00000	0.00000	1.00000	0.00000	0.00000	0.00000	0.00000	0.00000	1.00000	0.00000	0.00000	0.00000	0.00000	0.00000	0.00000	0.00000	0.09598
cylindraceus_IGG_FFS	cylindraceus	IGG	FFS	0	32	32	2	6.25000	2.90625	0.92641	0.17015	0.97917	0.00851	0.01631	0.04167	0.03405	0.03262	0.95833	0.03405	0.03262	0.02431	0.00994	0.01763	0.97569	0.00994	0.01763	0.02917	0.01432	0.02115	-0.02083	0.01389	0.17015
montanus_SG_Fresh	montanus	SG	Fresh	0	33	33	4	12.12121	3.00000	0.00000	0.00000	0.95455	0.01783	0.02325	0.07071	0.04693	0.03771	0.92929	0.04693	0.03771	0.05219	0.02140	0.02547	0.94781	0.02140	0.02547	0.06263	0.03082	0.03056	-0.01431	0.02180	0.00000
yonahlossee_SG_FFS	yonahlossee	SG	FFS	0	33	33	3	9.09091	1.18182	0.15341	0.06818	0.95455	0.02131	0.02541	0.09091	0.08523	0.05082	0.90909	0.08523	0.05082	0.04545	0.02131	0.02541	0.95455	0.02131	0.02541	0.09091	0.08523	0.05082	0.00000	0.00000	0.06818
montanus_IGG_Fresh	montanus	IGG	Fresh	0	33	33	3	9.09091	2.42424	0.25189	0.08737	0.97222	0.00984	0.01727	0.03535	0.01347	0.02020	0.96465	0.01347	0.02020	0.03493	0.01336	0.02012	0.96507	0.01336	0.02012	0.04343	0.02059	0.02498	0.01347	0.00599	0.08737
yonahlossee_IGG_FFS	yonahlossee	IGG	FFS	0	33	33	5	15.15152	4.48485	1.32008	0.20001	0.93687	0.02562	0.02786	0.12626	0.10248	0.05573	0.87374	0.10248	0.05573	0.06860	0.02838	0.02933	0.93140	0.02838	0.02933	0.07576	0.03423	0.03221	-0.09307	0.06637	0.20001
yonahlossee_IGG_Blood	yonahlossee	IGG	Blood	0	33	33	5	15.15152	1.60606	0.24621	0.08638	0.92424	0.03314	0.03169	0.15152	0.13258	0.06338	0.84848	0.13258	0.06338	0.07576	0.03314	0.03169	0.92424	0.03314	0.03169	0.15152	0.13258	0.06338	0.00000	0.00000	0.08638
glutinosus_SG_Blood	glutinosus	SG	Blood	0	33	33	6	18.18182	4.15152	0.38258	0.10767	0.94924	0.01334	0.02011	0.10152	0.05336	0.04021	0.89848	0.05336	0.04021	0.07049	0.02441	0.02719	0.92951	0.02441	0.02719	0.08016	0.03155	0.03092	-0.04300	0.01238	0.10767
montanus_SG_FFS	montanus	SG	FFS	0	29	29	2	6.89655	2.55172	0.82759	0.16893	0.97414	0.01047	0.01900	0.05172	0.04187	0.03800	0.94828	0.04187	0.03800	0.03017	0.01301	0.02118	0.96983	0.01301	0.02118	0.04023	0.02313	0.02824	-0.01724	0.00862	0.16893
montanus_IGG_FFS	montanus	IGG	FFS	0	30	30	4	13.33333	2.60000	1.83448	0.24728	0.95000	0.01897	0.02514	0.07778	0.04930	0.04054	0.92222	0.04930	0.04054	0.05833	0.02342	0.02794	0.94167	0.02342	0.02794	0.07556	0.03908	0.03609	-0.00185	0.01543	0.24728
cinereus_IGG_Blood	cinereus	IGG	Blood	0	0	0	0	nan	nan	-0.00000	nan	nan	-0.00000	nan	nan	-0.00000	nan	nan	-0.00000	nan	nan	-0.00000	nan	nan	-0.00000	nan	nan	-0.00000	nan	nan	-0.00000	nan
yonahlossee_SG_Fresh	yonahlossee	SG	Fresh	0	33	33	4	12.12121	2.00000	0.00000	0.00000	0.94697	0.02249	0.02611	0.10606	0.08996	0.05221	0.89394	0.08996	0.05221	0.05682	0.02450	0.02725	0.94318	0.02450	0.02725	0.07576	0.04356	0.03633	-0.04545	0.02131	0.00000
yonahlossee_IGG_Fresh	yonahlossee	IGG	Fresh	0	33	33	5	15.15152	1.93939	0.62121	0.13720	0.93939	0.02356	0.02672	0.12121	0.09422	0.05343	0.87879	0.09422	0.05343	0.06818	0.02743	0.02883	0.93182	0.02743	0.02883	0.09091	0.04877	0.03844	-0.04545	0.02131	0.13720
glutinosus_SG_Fresh	glutinosus	SG	Fresh	0	33	33	5	15.15152	1.93939	0.05871	0.04218	0.95455	0.01349	0.02022	0.09091	0.05398	0.04044	0.90909	0.05398	0.04044	0.06061	0.02160	0.02559	0.93939	0.02160	0.02559	0.08081	0.03840	0.03411	-0.01515	0.00758	0.04218
yonahlossee_SG_Blood	yonahlossee	SG	Blood	0	33	33	5	15.15152	2.18182	0.46591	0.11882	0.93687	0.02475	0.02739	0.12626	0.09901	0.05478	0.87374	0.09901	0.05478	0.07029	0.02891	0.02960	0.92971	0.02891	0.02960	0.09192	0.04965	0.03879	-0.05303	0.02249	0.11882
cylindraceus_IGG_Blood	cylindraceus	IGG	Blood	0	33	33	1	3.03030	1.00000	0.00000	0.00000	0.98485	0.00758	0.01515	0.03030	0.03030	0.03030	0.96970	0.03030	0.03030	0.01515	0.00758	0.01515	0.98485	0.00758	0.01515	0.03030	0.03030	0.03030	0.00000	0.00000	0.00000
glutinosus_SG_FFS	glutinosus	SG	FFS	0	12	12	0	0.00000	1.16667	0.15152	0.11237	1.00000	0.00000	0.00000	0.00000	0.00000	0.00000	1.00000	0.00000	0.00000	0.00000	0.00000	0.00000	1.00000	0.00000	0.00000	0.00000	0.00000	0.00000	0.00000	0.00000	0.11237
welleri_IGG_FFS	welleri	IGG	FFS	7	33	33	2	6.06061	1.75758	0.18939	0.07576	0.97727	0.00923	0.01673	0.04545	0.03693	0.03345	0.95455	0.03693	0.03345	0.02652	0.01148	0.01865	0.97348	0.01148	0.01865	0.04545	0.03693	0.03345	0.00000	0.00000	0.07576
cinereus_IGG_FFS	cinereus	IGG	FFS	1	27	27	2	7.40741	1.62963	0.24217	0.09471	0.98148	0.00445	0.01284	0.03704	0.01781	0.02568	0.96296	0.01781	0.02568	0.02778	0.01002	0.01926	0.97222	0.01002	0.01926	0.03704	0.01781	0.02568	0.00000	0.00000	0.09471
cylindraceus_IGG_Fresh	cylindraceus	IGG	Fresh	0	33	33	1	3.03030	2.36364	0.36364	0.10497	0.98990	0.00337	0.01010	0.02020	0.01347	0.02020	0.97980	0.01347	0.02020	0.01347	0.00599	0.01347	0.98653	0.00599	0.01347	0.01616	0.00862	0.01616	-0.00758	0.00189	0.10497
cinereus_SG_FFS	cinereus	SG	FFS	0	24	24	0	0.00000	3.70833	3.34601	0.37339	1.00000	0.00000	0.00000	0.00000	0.00000	0.00000	1.00000	0.00000	0.00000	0.00000	0.00000	0.00000	1.00000	0.00000	0.00000	0.00000	0.00000	0.00000	0.00000	0.00000	0.37339
cylindraceus_IGG_FFS	cylindraceus	IGG	FFS	0	31	31	2	6.45161	2.61290	0.31183	0.10029	0.97849	0.00878	0.01683	0.04301	0.03513	0.03366	0.95699	0.03513	0.03366	0.02509	0.01025	0.01819	0.97491	0.01025	0.01819	0.03011	0.01477	0.02183	-0.02151	0.01434	0.10029
montanus_SG_Fresh	montanus	SG	Fresh	0	33	33	4	12.12121	6.96970	0.03030	0.03030	0.96537	0.01216	0.01919	0.06061	0.03958	0.03463	0.93939	0.03958	0.03463	0.04329	0.01656	0.02240	0.95671	0.01656	0.02240	0.04662	0.01921	0.02413	-0.02744	0.02377	0.03030
yonahlossee_SG_FFS	yonahlossee	SG	FFS	0	33	33	5	15.15152	2.18182	0.15341	0.06818	0.93182	0.02841	0.02934	0.10606	0.08996	0.05221	0.89394	0.08996	0.05221	0.07197	0.03030	0.03030	0.92803	0.03030	0.03030	0.09596	0.05387	0.04040	-0.01515	0.05445	0.06818
montanus_IGG_Fresh	montanus	IGG	Fresh	1	33	33	4	12.12121	3.42424	0.25189	0.08737	0.95707	0.01655	0.02239	0.05051	0.01994	0.02458	0.94949	0.01994	0.02458	0.05008	0.01984	0.02452	0.94992	0.01984	0.02452	0.05859	0.02713	0.02867	0.01221	0.00738	0.08737
yonahlossee_IGG_FFS	yonahlossee	IGG	FFS	0	33	33	5	15.15152	4.75758	0.68939	0.14454	0.93813	0.02540	0.02775	0.12374	0.10162	0.05549	0.87626	0.10162	0.05549	0.06681	0.02771	0.02898	0.93319	0.02771	0.02898	0.07323	0.03310	0.03167	-0.09307	0.06637	0.14454
yonahlossee_IGG_Blood	yonahlossee	IGG	Blood	0	33	33	7	21.21212	2.93939	0.05871	0.04218	0.92424	0.02620	0.02818	0.15152	0.10480	0.05635	0.84848	0.10480	0.05635	0.08923	0.03240	0.03133	0.91077	0.03240	0.03133	0.10707	0.04665	0.03760	-0.07576	0.03965	0.04218
glutinosus_SG_Blood	glutinosus	SG	Blood	0	33	33	6	18.18182	4.15152	0.44508	0.11613	0.95985	0.00886	0.01639	0.08030	0.03546	0.03278	0.91970	0.03546	0.03278	0.05989	0.01815	0.02345	0.94011	0.01815	0.02345	0.06813	0.02352	0.02670	-0.02601	0.00653	0.11613
montanus_SG_FFS	montanus	SG	FFS	0	32	32	2	6.25000	2.68750	1.64113	0.22646	0.97656	0.00951	0.01724	0.04688	0.03805	0.03448	0.95312	0.03805	0.03448	0.02734	0.01183	0.01923	0.97266	0.01183	0.01923	0.03646	0.02103	0.02564	-0.01562	0.00781	0.22646
montanus_IGG_FFS	montanus	IGG	FFS	0	26	26	2	7.69231	1.80769	1.12154	0.20769	0.97115	0.01163	0.02115	0.05769	0.04654	0.04231	0.94231	0.04654	0.04231	0.03365	0.01445	0.02357	0.96635	0.01445	0.02357	0.05769	0.04654	0.04231	0.00000	0.00000	0.20769
cinereus_IGG_Blood	cinereus	IGG	Blood	1	28	28	4	14.28571	1.67857	0.22619	0.08988	0.94643	0.02017	0.02684	0.07143	0.05026	0.04237	0.92857	0.05026	0.04237	0.06250	0.02488	0.02981	0.93750	0.02488	0.02981	0.08333	0.04424	0.03975	0.01786	0.04597	0.08988
yonahlossee_SG_Fresh	yonahlossee	SG	Fresh	0	33	33	4	12.12121	2.00000	0.00000	0.00000	0.94697	0.02249	0.02611	0.10606	0.08996	0.05221	0.89394	0.08996	0.05221	0.05682	0.02450	0.02725	0.94318	0.02450	0.02725	0.07576	0.04356	0.03633	-0.04545	0.02131	0.00000
yonahlossee_IGG_Fresh	yonahlossee	IGG	Fresh	0	33	33	5	15.15152	2.27273	0.20455	0.07873	0.93182	0.02841	0.02934	0.13636	0.11364	0.05868	0.86364	0.11364	0.05868	0.07197	0.03030	0.03030	0.92803	0.03030	0.03030	0.09596	0.05387	0.04040	-0.06061	0.02746	0.07873
glutinosus_SG_Fresh	glutinosus	SG	Fresh	0	33	33	5	15.15152	2.00000	0.00000	0.00000	0.95455	0.01349	0.02022	0.09091	0.05398	0.04044	0.90909	0.05398	0.04044	0.06061	0.02160	0.02559	0.93939	0.02160	0.02559	0.08081	0.03840	0.03411	-0.01515	0.00758	0.00000
yonahlossee_SG_Blood	yonahlossee	SG	Blood	0	33	33	5	15.15152	1.84848	0.13258	0.06338	0.93939	0.02356	0.02672	0.12121	0.09422	0.05343	0.87879	0.09422	0.05343	0.06818	0.02743	0.02883	0.93182	0.02743	0.02883	0.09091	0.04877	0.03844	-0.04545	0.02131	0.06338
cylindraceus_IGG_Blood	cylindraceus	IGG	Blood	0	33	33	1	3.03030	1.18182	0.15341	0.06818	0.98485	0.00758	0.01515	0.03030	0.03030	0.03030	0.96970	0.03030	0.03030	0.01515	0.00758	0.01515	0.98485	0.00758	0.01515	0.03030	0.03030	0.03030	0.00000	0.00000	0.06818
glutinosus_SG_FFS	glutinosus	SG	FFS	0	20	20	3	15.00000	1.80000	0.58947	0.17168	0.95000	0.01711	0.02924	0.10000	0.06842	0.05849	0.90000	0.06842	0.05849	0.06250	0.02385	0.03453	0.93750	0.02385	0.03453	0.08333	0.04240	0.04604	-0.02500	0.01250	0.17168
welleri_IGG_FFS	welleri	IGG	FFS	7	33	33	5	15.15152	5.42424	0.56439	0.13078	0.97500	0.00370	0.01059	0.01970	0.00655	0.01409	0.98030	0.00655	0.01409	0.04158	0.01015	0.01753	0.95842	0.01015	0.01753	0.04590	0.01234	0.01934	0.08712	0.08641	0.13078
cinereus_IGG_FFS	cinereus	IGG	FFS	1	26	26	2	7.69231	1.76923	0.18462	0.08427	0.98077	0.00462	0.01332	0.03846	0.01846	0.02665	0.96154	0.01846	0.02665	0.02885	0.01038	0.01999	0.97115	0.01038	0.01999	0.03846	0.01846	0.02665	0.00000	0.00000	0.08427
cylindraceus_IGG_Fresh	cylindraceus	IGG	Fresh	0	32	32	1	3.12500	2.31250	0.47984	0.12245	0.98958	0.00347	0.01042	0.02083	0.01389	0.02083	0.97917	0.01389	0.02083	0.01389	0.00617	0.01389	0.98611	0.00617	0.01389	0.01667	0.00889	0.01667	-0.00781	0.00195	0.12245
cinereus_SG_FFS	cinereus	SG	FFS	0	32	32	0	0.00000	3.53125	5.28931	0.40656	1.00000	0.00000	0.00000	0.00000	0.00000	0.00000	1.00000	0.00000	0.00000	0.00000	0.00000	0.00000	1.00000	0.00000	0.00000	0.00000	0.00000	0.00000	0.00000	0.00000	0.40656
cylindraceus_IGG_FFS	cylindraceus	IGG	FFS	0	32	32	1	3.12500	3.21875	0.56351	0.13270	0.98438	0.00781	0.01562	0.03125	0.03125	0.03125	0.96875	0.03125	0.03125	0.01562	0.00781	0.01562	0.98438	0.00781	0.01562	0.01875	0.01125	0.01875	-0.02083	0.01389	0.13270
montanus_SG_Fresh	montanus	SG	Fresh	1	33	33	5	15.15152	5.96970	0.03030	0.03030	0.95960	0.01394	0.02055	0.07071	0.04346	0.03629	0.92929	0.04346	0.03629	0.05051	0.01842	0.02363	0.94949	0.01842	0.02363	0.05510	0.02192	0.02577	-0.03025	0.02240	0.03030
yonahlossee_SG_FFS	yonahlossee	SG	FFS	0	33	33	3	9.09091	1.18182	0.15341	0.06818	0.95455	0.02131	0.02541	0.09091	0.08523	0.05082	0.90909	0.08523	0.05082	0.04545	0.02131	0.02541	0.95455	0.02131	0.02541	0.09091	0.08523	0.05082	0.00000	0.00000	0.06818
montanus_IGG_Fresh	montanus	IGG	Fresh	0	33	33	3	9.09091	2.45455	0.75568	0.15133	0.97222	0.00810	0.01567	0.05556	0.03241	0.03134	0.94444	0.03241	0.03134	0.03830	0.01523	0.02148	0.96170	0.01523	0.02148	0.04747	0.02327	0.02655	-0.01515	0.00367	0.15133
yonahlossee_IGG_FFS	yonahlossee	IGG	FFS	0	33	33	5	15.15152	4.48485	1.32008	0.20001	0.93687	0.02562	0.02786	0.12626	0.10248	0.05573	0.87374	0.10248	0.05573	0.06860	0.02838	0.02933	0.93140	0.02838	0.02933	0.07576	0.03423	0.03221	-0.09307	0.06637	0.20001
yonahlossee_IGG_Blood	yonahlossee	IGG	Blood	0	33	33	5	15.15152	4.06061	0.24621	0.08638	0.95076	0.01557	0.02172	0.09848	0.06226	0.04344	0.90152	0.06226	0.04344	0.06345	0.02481	0.02742	0.93655	0.02481	0.02742	0.07251	0.03240	0.03134	-0.04848	0.01758	0.08638
glutinosus_SG_Blood	glutinosus	SG	Blood	0	33	33	6	18.18182	4.96970	0.34280	0.10192	0.95606	0.01184	0.01894	0.08788	0.04735	0.03788	0.91212	0.04735	0.03788	0.06106	0.02017	0.02473	0.93894	0.02017	0.02473	0.06762	0.02474	0.02738	-0.04082	0.01594	0.10192
montanus_SG_FFS	montanus	SG	FFS	0	30	30	1	3.33333	1.96667	0.86092	0.16940	0.98333	0.00833	0.01667	0.03333	0.03333	0.03333	0.96667	0.03333	0.03333	0.01667	0.00833	0.01667	0.98333	0.00833	0.01667	0.03333	0.03333	0.03333	0.00000	0.00000	0.16940
montanus_IGG_FFS	montanus	IGG	FFS	0	30	30	3	10.00000	1.93333	0.96092	0.17897	0.95833	0.01760	0.02422	0.05000	0.04052	0.03675	0.95000	0.04052	0.03675	0.04583	0.01992	0.02577	0.95417	0.01992	0.02577	0.06111	0.03541	0.03436	0.01667	0.04282	0.17897
cinereus_IGG_Blood	cinereus	IGG	Blood	1	28	28	4	14.28571	2.71429	0.21164	0.08694	0.96429	0.00897	0.01789	0.04762	0.02234	0.02825	0.95238	0.02234	0.02825	0.05159	0.01759	0.02506	0.94841	0.01759	0.02506	0.06190	0.02533	0.03008	0.02679	0.03861	0.08694
yonahlossee_SG_Fresh	yonahlossee	SG	Fresh	0	33	33	4	12.12121	2.00000	0.00000	0.00000	0.94697	0.02249	0.02611	0.10606	0.08996	0.05221	0.89394	0.08996	0.05221	0.05682	0.02450	0.02725	0.94318	0.02450	0.02725	0.07576	0.04356	0.03633	-0.04545	0.02131	0.00000
